1 1708943403 0.000000 1 0.000000 0.000000 0.000000
2 1708943403 0.000000 1 0.000000 0.000000 0.000000
3 1708943403 0.000000 1 0.000000 0.000000 0.000000
4 1708943403 0.000000 1 0.000000 0.000000 0.000000
1 1708943404 0.000000 1 0.000000 0.000000 0.000000
2 1708943404 0.000000 1 0.000000 0.000000 0.000000
3 1708943404 0.000000 1 0.000000 0.000000 0.000000
4 1708943404 0.000000 1 0.000000 0.000000 0.000000
1 1708943405 1.000000 1 1.000000 1.000000 1.000000
2 1708943405 0.000000 1 0.000000 0.000000 0.000000
3 1708943405 0.000000 1 0.000000 0.000000 0.000000
4 1708943405 0.000000 1 0.000000 0.000000 0.000000
1 1708943406 1.000000 1 1.000000 1.000000 1.000000
2 1708943406 0.000000 1 0.000000 0.000000 0.000000
3 1708943406 0.000000 1 0.000000 0.000000 0.000000
4 1708943406 0.000000 1 0.000000 0.000000 0.000000
1 1708943407 1.000000 1 1.000000 1.000000 1.000000
2 1708943407 0.000000 1 0.000000 0.000000 0.000000
3 1708943407 0.000000 1 0.000000 0.000000 0.000000
4 1708943407 0.000000 1 0.000000 0.000000 0.000000
1 1708943408 1.000000 1 1.000000 1.000000 1.000000
2 1708943408 0.000000 1 0.000000 0.000000 0.000000
3 1708943408 0.000000 1 0.000000 0.000000 0.000000
4 1708943408 0.000000 1 0.000000 0.000000 0.000000
1 1708943409 1.000000 1 1.000000 1.000000 1.000000
2 1708943409 0.000000 1 0.000000 0.000000 0.000000
3 1708943409 0.000000 1 0.000000 0.000000 0.000000
4 1708943409 0.000000 1 0.000000 0.000000 0.000000
1 1708943410 1.000000 1 1.000000 1.000000 1.000000
2 1708943410 0.000000 1 0.000000 0.000000 0.000000
3 1708943410 0.000000 1 0.000000 0.000000 0.000000
4 1708943410 0.000000 1 0.000000 0.000000 0.000000
1 1708943411 1.000000 1 1.000000 1.000000 1.000000
2 1708943411 0.000000 1 0.000000 0.000000 0.000000
3 1708943411 0.000000 1 0.000000 0.000000 0.000000
4 1708943411 0.000000 1 0.000000 0.000000 0.000000
1 1708943412 1.000000 1 1.000000 1.000000 1.000000
2 1708943412 0.000000 1 0.000000 0.000000 0.000000
3 1708943412 0.000000 1 0.000000 0.000000 0.000000
4 1708943412 0.000000 1 0.000000 0.000000 0.000000
1 1708943413 1.000000 1 1.000000 1.000000 1.000000
2 1708943413 0.000000 1 0.000000 0.000000 0.000000
3 1708943413 0.000000 1 0.000000 0.000000 0.000000
4 1708943413 0.000000 1 0.000000 0.000000 0.000000
1 1708943414 1.000000 1 1.000000 1.000000 1.000000
2 1708943414 0.000000 1 0.000000 0.000000 0.000000
3 1708943414 0.000000 1 0.000000 0.000000 0.000000
4 1708943414 0.000000 1 0.000000 0.000000 0.000000
1 1708943415 1.000000 1 1.000000 1.000000 1.000000
2 1708943415 0.000000 1 0.000000 0.000000 0.000000
3 1708943415 0.000000 1 0.000000 0.000000 0.000000
4 1708943415 0.000000 1 0.000000 0.000000 0.000000
1 1708943416 1.000000 1 1.000000 1.000000 1.000000
2 1708943416 0.000000 1 0.000000 0.000000 0.000000
3 1708943416 0.000000 1 0.000000 0.000000 0.000000
4 1708943416 0.000000 1 0.000000 0.000000 0.000000
1 1708943417 1.000000 1 1.000000 1.000000 1.000000
2 1708943417 0.000000 1 0.000000 0.000000 0.000000
3 1708943417 0.000000 1 0.000000 0.000000 0.000000
4 1708943417 0.000000 1 0.000000 0.000000 0.000000
1 1708943418 1.000000 1 1.000000 1.000000 1.000000
2 1708943418 0.000000 1 0.000000 0.000000 0.000000
3 1708943418 0.000000 1 0.000000 0.000000 0.000000
4 1708943418 0.000000 1 0.000000 0.000000 0.000000
1 1708943419 1.000000 1 1.000000 1.000000 1.000000
2 1708943419 0.000000 1 0.000000 0.000000 0.000000
3 1708943419 0.000000 1 0.000000 0.000000 0.000000
4 1708943419 0.000000 1 0.000000 0.000000 0.000000
1 1708943420 1.000000 1 1.000000 1.000000 1.000000
2 1708943420 0.000000 1 0.000000 0.000000 0.000000
3 1708943420 0.000000 1 0.000000 0.000000 0.000000
4 1708943420 0.000000 1 0.000000 0.000000 0.000000
1 1708943421 2.000000 1 2.000000 2.000000 2.000000
2 1708943421 0.000000 1 0.000000 0.000000 0.000000
3 1708943421 0.000000 1 0.000000 0.000000 0.000000
4 1708943421 0.000000 1 0.000000 0.000000 0.000000
1 1708943422 2.000000 1 2.000000 2.000000 2.000000
2 1708943422 0.000000 1 0.000000 0.000000 0.000000
3 1708943422 0.000000 1 0.000000 0.000000 0.000000
4 1708943422 0.000000 1 0.000000 0.000000 0.000000
1 1708943423 2.000000 1 2.000000 2.000000 2.000000
2 1708943423 0.000000 1 0.000000 0.000000 0.000000
3 1708943423 0.000000 1 0.000000 0.000000 0.000000
4 1708943423 0.000000 1 0.000000 0.000000 0.000000
1 1708943424 2.000000 1 2.000000 2.000000 2.000000
2 1708943424 0.000000 1 0.000000 0.000000 0.000000
3 1708943424 0.000000 1 0.000000 0.000000 0.000000
4 1708943424 0.000000 1 0.000000 0.000000 0.000000
1 1708943425 2.000000 1 2.000000 2.000000 2.000000
2 1708943425 0.000000 1 0.000000 0.000000 0.000000
3 1708943425 0.000000 1 0.000000 0.000000 0.000000
4 1708943425 0.000000 1 0.000000 0.000000 0.000000
1 1708943426 2.000000 1 2.000000 2.000000 2.000000
2 1708943426 0.000000 1 0.000000 0.000000 0.000000
3 1708943426 0.000000 1 0.000000 0.000000 0.000000
4 1708943426 0.000000 1 0.000000 0.000000 0.000000
1 1708943427 2.000000 1 2.000000 2.000000 2.000000
2 1708943427 0.000000 1 0.000000 0.000000 0.000000
3 1708943427 0.000000 1 0.000000 0.000000 0.000000
4 1708943427 0.000000 1 0.000000 0.000000 0.000000
1 1708943428 2.000000 1 2.000000 2.000000 2.000000
2 1708943428 0.000000 1 0.000000 0.000000 0.000000
3 1708943428 0.000000 1 0.000000 0.000000 0.000000
4 1708943428 0.000000 1 0.000000 0.000000 0.000000
1 1708943429 2.000000 1 2.000000 2.000000 2.000000
2 1708943429 0.000000 1 0.000000 0.000000 0.000000
3 1708943429 0.000000 1 0.000000 0.000000 0.000000
4 1708943429 0.000000 1 0.000000 0.000000 0.000000
1 1708943430 2.000000 1 2.000000 2.000000 2.000000
2 1708943430 0.000000 1 0.000000 0.000000 0.000000
3 1708943430 0.000000 1 0.000000 0.000000 0.000000
4 1708943430 0.000000 1 0.000000 0.000000 0.000000
1 1708943431 2.000000 1 2.000000 2.000000 2.000000
2 1708943431 0.000000 1 0.000000 0.000000 0.000000
3 1708943431 0.000000 1 0.000000 0.000000 0.000000
4 1708943431 0.000000 1 0.000000 0.000000 0.000000
1 1708943432 2.000000 1 2.000000 2.000000 2.000000
2 1708943432 0.000000 1 0.000000 0.000000 0.000000
3 1708943432 0.000000 1 0.000000 0.000000 0.000000
4 1708943432 0.000000 1 0.000000 0.000000 0.000000
1 1708943433 2.000000 1 2.000000 2.000000 2.000000
2 1708943433 0.000000 1 0.000000 0.000000 0.000000
3 1708943433 0.000000 1 0.000000 0.000000 0.000000
4 1708943433 0.000000 1 0.000000 0.000000 0.000000
1 1708943434 2.000000 1 2.000000 2.000000 2.000000
2 1708943434 0.000000 1 0.000000 0.000000 0.000000
3 1708943434 0.000000 1 0.000000 0.000000 0.000000
4 1708943434 0.000000 1 0.000000 0.000000 0.000000
1 1708943435 3.000000 1 3.000000 3.000000 3.000000
2 1708943435 0.000000 1 0.000000 0.000000 0.000000
3 1708943435 0.000000 1 0.000000 0.000000 0.000000
4 1708943435 0.000000 1 0.000000 0.000000 0.000000
1 1708943436 3.000000 1 3.000000 3.000000 3.000000
2 1708943436 0.000000 1 0.000000 0.000000 0.000000
3 1708943436 0.000000 1 0.000000 0.000000 0.000000
4 1708943436 0.000000 1 0.000000 0.000000 0.000000
1 1708943438 3.000000 1 3.000000 3.000000 3.000000
2 1708943438 0.000000 1 0.000000 0.000000 0.000000
3 1708943438 0.000000 1 0.000000 0.000000 0.000000
4 1708943438 0.000000 1 0.000000 0.000000 0.000000
1 1708943439 3.000000 1 3.000000 3.000000 3.000000
2 1708943439 0.000000 1 0.000000 0.000000 0.000000
3 1708943439 0.000000 1 0.000000 0.000000 0.000000
4 1708943439 0.000000 1 0.000000 0.000000 0.000000
1 1708943440 3.000000 1 3.000000 3.000000 3.000000
2 1708943440 0.000000 1 0.000000 0.000000 0.000000
3 1708943440 0.000000 1 0.000000 0.000000 0.000000
4 1708943440 0.000000 1 0.000000 0.000000 0.000000
1 1708943441 3.000000 1 3.000000 3.000000 3.000000
2 1708943441 0.000000 1 0.000000 0.000000 0.000000
3 1708943441 0.000000 1 0.000000 0.000000 0.000000
4 1708943441 0.000000 1 0.000000 0.000000 0.000000
1 1708943442 3.000000 1 3.000000 3.000000 3.000000
2 1708943442 0.000000 1 0.000000 0.000000 0.000000
3 1708943442 0.000000 1 0.000000 0.000000 0.000000
4 1708943442 0.000000 1 0.000000 0.000000 0.000000
1 1708943443 3.000000 1 3.000000 3.000000 3.000000
2 1708943443 0.000000 1 0.000000 0.000000 0.000000
3 1708943443 0.000000 1 0.000000 0.000000 0.000000
4 1708943443 0.000000 1 0.000000 0.000000 0.000000
1 1708943444 3.000000 1 3.000000 3.000000 3.000000
2 1708943444 0.000000 1 0.000000 0.000000 0.000000
3 1708943444 0.000000 1 0.000000 0.000000 0.000000
4 1708943444 0.000000 1 0.000000 0.000000 0.000000
1 1708943445 3.000000 1 3.000000 3.000000 3.000000
2 1708943445 0.000000 1 0.000000 0.000000 0.000000
3 1708943445 0.000000 1 0.000000 0.000000 0.000000
4 1708943445 0.000000 1 0.000000 0.000000 0.000000
1 1708943446 3.000000 1 3.000000 3.000000 3.000000
2 1708943446 0.000000 1 0.000000 0.000000 0.000000
3 1708943446 0.000000 1 0.000000 0.000000 0.000000
4 1708943446 0.000000 1 0.000000 0.000000 0.000000
1 1708943447 3.000000 1 3.000000 3.000000 3.000000
2 1708943447 0.000000 1 0.000000 0.000000 0.000000
3 1708943447 0.000000 1 0.000000 0.000000 0.000000
4 1708943447 0.000000 1 0.000000 0.000000 0.000000
1 1708943448 3.000000 1 3.000000 3.000000 3.000000
2 1708943448 0.000000 1 0.000000 0.000000 0.000000
3 1708943448 0.000000 1 0.000000 0.000000 0.000000
4 1708943448 0.000000 1 0.000000 0.000000 0.000000
1 1708943449 4.000000 1 4.000000 4.000000 4.000000
2 1708943449 0.000000 1 0.000000 0.000000 0.000000
3 1708943449 0.000000 1 0.000000 0.000000 0.000000
4 1708943449 0.000000 1 0.000000 0.000000 0.000000
1 1708943450 4.000000 1 4.000000 4.000000 4.000000
2 1708943450 0.000000 1 0.000000 0.000000 0.000000
3 1708943450 0.000000 1 0.000000 0.000000 0.000000
4 1708943450 0.000000 1 0.000000 0.000000 0.000000
1 1708943451 4.000000 1 4.000000 4.000000 4.000000
2 1708943451 0.000000 1 0.000000 0.000000 0.000000
3 1708943451 0.000000 1 0.000000 0.000000 0.000000
4 1708943451 0.000000 1 0.000000 0.000000 0.000000
1 1708943452 4.000000 1 4.000000 4.000000 4.000000
2 1708943452 0.000000 1 0.000000 0.000000 0.000000
3 1708943452 0.000000 1 0.000000 0.000000 0.000000
4 1708943452 0.000000 1 0.000000 0.000000 0.000000
1 1708943453 4.000000 1 4.000000 4.000000 4.000000
2 1708943453 0.000000 1 0.000000 0.000000 0.000000
3 1708943453 0.000000 1 0.000000 0.000000 0.000000
4 1708943453 0.000000 1 0.000000 0.000000 0.000000
1 1708943454 4.000000 1 4.000000 4.000000 4.000000
2 1708943454 0.000000 1 0.000000 0.000000 0.000000
3 1708943454 0.000000 1 0.000000 0.000000 0.000000
4 1708943454 0.000000 1 0.000000 0.000000 0.000000
1 1708943455 4.000000 1 4.000000 4.000000 4.000000
2 1708943455 0.000000 1 0.000000 0.000000 0.000000
3 1708943455 0.000000 1 0.000000 0.000000 0.000000
4 1708943455 0.000000 1 0.000000 0.000000 0.000000
1 1708943456 4.000000 1 4.000000 4.000000 4.000000
2 1708943456 0.000000 1 0.000000 0.000000 0.000000
3 1708943456 0.000000 1 0.000000 0.000000 0.000000
4 1708943456 0.000000 1 0.000000 0.000000 0.000000
1 1708943457 4.000000 1 4.000000 4.000000 4.000000
2 1708943457 0.000000 1 0.000000 0.000000 0.000000
3 1708943457 0.000000 1 0.000000 0.000000 0.000000
4 1708943457 0.000000 1 0.000000 0.000000 0.000000
1 1708943458 4.000000 1 4.000000 4.000000 4.000000
2 1708943458 0.000000 1 0.000000 0.000000 0.000000
3 1708943458 0.000000 1 0.000000 0.000000 0.000000
4 1708943458 0.000000 1 0.000000 0.000000 0.000000
1 1708943459 4.000000 1 4.000000 4.000000 4.000000
2 1708943459 0.000000 1 0.000000 0.000000 0.000000
3 1708943459 0.000000 1 0.000000 0.000000 0.000000
4 1708943459 0.000000 1 0.000000 0.000000 0.000000
1 1708943460 4.000000 1 4.000000 4.000000 4.000000
2 1708943460 0.000000 1 0.000000 0.000000 0.000000
3 1708943460 0.000000 1 0.000000 0.000000 0.000000
4 1708943460 0.000000 1 0.000000 0.000000 0.000000
1 1708943461 4.000000 1 4.000000 4.000000 4.000000
2 1708943461 0.000000 1 0.000000 0.000000 0.000000
3 1708943461 0.000000 1 0.000000 0.000000 0.000000
4 1708943461 0.000000 1 0.000000 0.000000 0.000000
1 1708943462 4.000000 1 4.000000 4.000000 4.000000
2 1708943462 0.000000 1 0.000000 0.000000 0.000000
3 1708943462 0.000000 1 0.000000 0.000000 0.000000
4 1708943462 0.000000 1 0.000000 0.000000 0.000000
1 1708943463 4.000000 1 4.000000 4.000000 4.000000
2 1708943463 0.000000 1 0.000000 0.000000 0.000000
3 1708943463 0.000000 1 0.000000 0.000000 0.000000
4 1708943463 0.000000 1 0.000000 0.000000 0.000000
1 1708943464 4.000000 1 4.000000 4.000000 4.000000
2 1708943464 0.000000 1 0.000000 0.000000 0.000000
3 1708943464 0.000000 1 0.000000 0.000000 0.000000
4 1708943464 0.000000 1 0.000000 0.000000 0.000000
1 1708943465 4.000000 1 4.000000 4.000000 4.000000
2 1708943465 0.000000 1 0.000000 0.000000 0.000000
3 1708943465 0.000000 1 0.000000 0.000000 0.000000
4 1708943465 0.000000 1 0.000000 0.000000 0.000000
1 1708943466 5.000000 1 5.000000 5.000000 5.000000
2 1708943466 0.000000 1 0.000000 0.000000 0.000000
3 1708943466 0.000000 1 0.000000 0.000000 0.000000
4 1708943466 0.000000 1 0.000000 0.000000 0.000000
1 1708943467 5.000000 1 5.000000 5.000000 5.000000
2 1708943467 0.000000 1 0.000000 0.000000 0.000000
3 1708943467 0.000000 1 0.000000 0.000000 0.000000
4 1708943467 0.000000 1 0.000000 0.000000 0.000000
1 1708943468 5.000000 1 5.000000 5.000000 5.000000
2 1708943468 0.000000 1 0.000000 0.000000 0.000000
3 1708943468 0.000000 1 0.000000 0.000000 0.000000
4 1708943468 0.000000 1 0.000000 0.000000 0.000000
1 1708943469 5.000000 1 5.000000 5.000000 5.000000
2 1708943469 0.000000 1 0.000000 0.000000 0.000000
3 1708943469 0.000000 1 0.000000 0.000000 0.000000
4 1708943469 0.000000 1 0.000000 0.000000 0.000000
1 1708943470 5.000000 1 5.000000 5.000000 5.000000
2 1708943470 0.000000 1 0.000000 0.000000 0.000000
3 1708943470 0.000000 1 0.000000 0.000000 0.000000
4 1708943470 0.000000 1 0.000000 0.000000 0.000000
1 1708943471 5.000000 1 5.000000 5.000000 5.000000
2 1708943471 0.000000 1 0.000000 0.000000 0.000000
3 1708943471 0.000000 1 0.000000 0.000000 0.000000
4 1708943471 0.000000 1 0.000000 0.000000 0.000000
1 1708943472 5.000000 1 5.000000 5.000000 5.000000
2 1708943472 0.000000 1 0.000000 0.000000 0.000000
3 1708943472 0.000000 1 0.000000 0.000000 0.000000
4 1708943472 0.000000 1 0.000000 0.000000 0.000000
1 1708943473 5.000000 1 5.000000 5.000000 5.000000
2 1708943473 0.000000 1 0.000000 0.000000 0.000000
3 1708943473 0.000000 1 0.000000 0.000000 0.000000
4 1708943473 0.000000 1 0.000000 0.000000 0.000000
1 1708943474 5.000000 1 5.000000 5.000000 5.000000
2 1708943474 0.000000 1 0.000000 0.000000 0.000000
3 1708943474 0.000000 1 0.000000 0.000000 0.000000
4 1708943474 0.000000 1 0.000000 0.000000 0.000000
1 1708943475 5.000000 1 5.000000 5.000000 5.000000
2 1708943475 0.000000 1 0.000000 0.000000 0.000000
3 1708943475 0.000000 1 0.000000 0.000000 0.000000
4 1708943475 0.000000 1 0.000000 0.000000 0.000000
1 1708943476 5.000000 1 5.000000 5.000000 5.000000
2 1708943476 0.000000 1 0.000000 0.000000 0.000000
3 1708943476 0.000000 1 0.000000 0.000000 0.000000
4 1708943476 0.000000 1 0.000000 0.000000 0.000000
1 1708943477 5.000000 1 5.000000 5.000000 5.000000
2 1708943477 0.000000 1 0.000000 0.000000 0.000000
3 1708943477 0.000000 1 0.000000 0.000000 0.000000
4 1708943477 0.000000 1 0.000000 0.000000 0.000000
1 1708943478 5.000000 1 5.000000 5.000000 5.000000
2 1708943478 0.000000 1 0.000000 0.000000 0.000000
3 1708943478 0.000000 1 0.000000 0.000000 0.000000
4 1708943478 0.000000 1 0.000000 0.000000 0.000000
1 1708943479 5.000000 1 5.000000 5.000000 5.000000
2 1708943479 0.000000 1 0.000000 0.000000 0.000000
3 1708943479 0.000000 1 0.000000 0.000000 0.000000
4 1708943479 0.000000 1 0.000000 0.000000 0.000000
1 1708943480 5.000000 1 5.000000 5.000000 5.000000
2 1708943480 0.000000 1 0.000000 0.000000 0.000000
3 1708943480 0.000000 1 0.000000 0.000000 0.000000
4 1708943480 0.000000 1 0.000000 0.000000 0.000000
1 1708943481 6.000000 1 6.000000 6.000000 6.000000
2 1708943481 0.000000 1 0.000000 0.000000 0.000000
3 1708943481 0.000000 1 0.000000 0.000000 0.000000
4 1708943481 0.000000 1 0.000000 0.000000 0.000000
1 1708943482 6.000000 1 6.000000 6.000000 6.000000
2 1708943482 0.000000 1 0.000000 0.000000 0.000000
3 1708943482 0.000000 1 0.000000 0.000000 0.000000
4 1708943482 0.000000 1 0.000000 0.000000 0.000000
1 1708943483 6.000000 1 6.000000 6.000000 6.000000
2 1708943483 0.000000 1 0.000000 0.000000 0.000000
3 1708943483 0.000000 1 0.000000 0.000000 0.000000
4 1708943483 0.000000 1 0.000000 0.000000 0.000000
1 1708943484 6.000000 1 6.000000 6.000000 6.000000
2 1708943484 0.000000 1 0.000000 0.000000 0.000000
3 1708943484 0.000000 1 0.000000 0.000000 0.000000
4 1708943484 0.000000 1 0.000000 0.000000 0.000000
1 1708943485 6.000000 1 6.000000 6.000000 6.000000
2 1708943485 0.000000 1 0.000000 0.000000 0.000000
3 1708943485 0.000000 1 0.000000 0.000000 0.000000
4 1708943485 0.000000 1 0.000000 0.000000 0.000000
1 1708943486 6.000000 1 6.000000 6.000000 6.000000
2 1708943486 0.000000 1 0.000000 0.000000 0.000000
3 1708943486 0.000000 1 0.000000 0.000000 0.000000
4 1708943486 0.000000 1 0.000000 0.000000 0.000000
1 1708943487 6.000000 1 6.000000 6.000000 6.000000
2 1708943487 0.000000 1 0.000000 0.000000 0.000000
3 1708943487 0.000000 1 0.000000 0.000000 0.000000
4 1708943487 0.000000 1 0.000000 0.000000 0.000000
1 1708943488 6.000000 1 6.000000 6.000000 6.000000
2 1708943488 0.000000 1 0.000000 0.000000 0.000000
3 1708943488 0.000000 1 0.000000 0.000000 0.000000
4 1708943488 0.000000 1 0.000000 0.000000 0.000000
1 1708943489 6.000000 1 6.000000 6.000000 6.000000
2 1708943489 0.000000 1 0.000000 0.000000 0.000000
3 1708943489 0.000000 1 0.000000 0.000000 0.000000
4 1708943489 0.000000 1 0.000000 0.000000 0.000000
1 1708943490 6.000000 1 6.000000 6.000000 6.000000
2 1708943490 0.000000 1 0.000000 0.000000 0.000000
3 1708943490 0.000000 1 0.000000 0.000000 0.000000
4 1708943490 0.000000 1 0.000000 0.000000 0.000000
1 1708943491 6.000000 1 6.000000 6.000000 6.000000
2 1708943491 0.000000 1 0.000000 0.000000 0.000000
3 1708943491 0.000000 1 0.000000 0.000000 0.000000
4 1708943491 0.000000 1 0.000000 0.000000 0.000000
1 1708943492 6.000000 1 6.000000 6.000000 6.000000
2 1708943492 0.000000 1 0.000000 0.000000 0.000000
3 1708943492 0.000000 1 0.000000 0.000000 0.000000
4 1708943492 0.000000 1 0.000000 0.000000 0.000000
1 1708943493 6.000000 1 6.000000 6.000000 6.000000
2 1708943493 0.000000 1 0.000000 0.000000 0.000000
3 1708943493 0.000000 1 0.000000 0.000000 0.000000
4 1708943493 0.000000 1 0.000000 0.000000 0.000000
1 1708943494 6.000000 1 6.000000 6.000000 6.000000
2 1708943494 0.000000 1 0.000000 0.000000 0.000000
3 1708943494 0.000000 1 0.000000 0.000000 0.000000
4 1708943494 0.000000 1 0.000000 0.000000 0.000000
1 1708943495 6.000000 1 6.000000 6.000000 6.000000
2 1708943495 0.000000 1 0.000000 0.000000 0.000000
3 1708943495 0.000000 1 0.000000 0.000000 0.000000
4 1708943495 0.000000 1 0.000000 0.000000 0.000000
1 1708943496 7.000000 1 7.000000 7.000000 7.000000
2 1708943496 0.000000 1 0.000000 0.000000 0.000000
3 1708943496 0.000000 1 0.000000 0.000000 0.000000
4 1708943496 0.000000 1 0.000000 0.000000 0.000000
1 1708943497 7.000000 1 7.000000 7.000000 7.000000
2 1708943497 0.000000 1 0.000000 0.000000 0.000000
3 1708943497 0.000000 1 0.000000 0.000000 0.000000
4 1708943497 0.000000 1 0.000000 0.000000 0.000000
1 1708943498 7.000000 1 7.000000 7.000000 7.000000
2 1708943498 0.000000 1 0.000000 0.000000 0.000000
3 1708943498 0.000000 1 0.000000 0.000000 0.000000
4 1708943498 0.000000 1 0.000000 0.000000 0.000000
1 1708943499 7.000000 1 7.000000 7.000000 7.000000
2 1708943499 0.000000 1 0.000000 0.000000 0.000000
3 1708943499 0.000000 1 0.000000 0.000000 0.000000
4 1708943499 0.000000 1 0.000000 0.000000 0.000000
1 1708943500 7.000000 1 7.000000 7.000000 7.000000
2 1708943500 0.000000 1 0.000000 0.000000 0.000000
3 1708943500 0.000000 1 0.000000 0.000000 0.000000
4 1708943500 0.000000 1 0.000000 0.000000 0.000000
1 1708943501 7.000000 1 7.000000 7.000000 7.000000
2 1708943501 0.000000 1 0.000000 0.000000 0.000000
3 1708943501 0.000000 1 0.000000 0.000000 0.000000
4 1708943501 0.000000 1 0.000000 0.000000 0.000000
1 1708943503 7.000000 1 7.000000 7.000000 7.000000
2 1708943503 0.000000 1 0.000000 0.000000 0.000000
3 1708943503 0.000000 1 0.000000 0.000000 0.000000
4 1708943503 0.000000 1 0.000000 0.000000 0.000000
1 1708943504 7.000000 1 7.000000 7.000000 7.000000
2 1708943504 0.000000 1 0.000000 0.000000 0.000000
3 1708943504 0.000000 1 0.000000 0.000000 0.000000
4 1708943504 0.000000 1 0.000000 0.000000 0.000000
1 1708943505 7.000000 1 7.000000 7.000000 7.000000
2 1708943505 0.000000 1 0.000000 0.000000 0.000000
3 1708943505 0.000000 1 0.000000 0.000000 0.000000
4 1708943505 0.000000 1 0.000000 0.000000 0.000000
1 1708943506 7.000000 1 7.000000 7.000000 7.000000
2 1708943506 0.000000 1 0.000000 0.000000 0.000000
3 1708943506 0.000000 1 0.000000 0.000000 0.000000
4 1708943506 0.000000 1 0.000000 0.000000 0.000000
1 1708943507 7.000000 1 7.000000 7.000000 7.000000
2 1708943507 0.000000 1 0.000000 0.000000 0.000000
3 1708943507 0.000000 1 0.000000 0.000000 0.000000
4 1708943507 0.000000 1 0.000000 0.000000 0.000000
1 1708943508 7.000000 1 7.000000 7.000000 7.000000
2 1708943508 0.000000 1 0.000000 0.000000 0.000000
3 1708943508 0.000000 1 0.000000 0.000000 0.000000
4 1708943508 0.000000 1 0.000000 0.000000 0.000000
1 1708943509 7.000000 1 7.000000 7.000000 7.000000
2 1708943509 0.000000 1 0.000000 0.000000 0.000000
3 1708943509 0.000000 1 0.000000 0.000000 0.000000
4 1708943509 0.000000 1 0.000000 0.000000 0.000000
1 1708943510 7.000000 1 7.000000 7.000000 7.000000
2 1708943510 0.000000 1 0.000000 0.000000 0.000000
3 1708943510 0.000000 1 0.000000 0.000000 0.000000
4 1708943510 0.000000 1 0.000000 0.000000 0.000000
1 1708943511 8.000000 1 8.000000 8.000000 8.000000
2 1708943511 0.000000 1 0.000000 0.000000 0.000000
3 1708943511 0.000000 1 0.000000 0.000000 0.000000
4 1708943511 0.000000 1 0.000000 0.000000 0.000000
1 1708943512 8.000000 1 8.000000 8.000000 8.000000
2 1708943512 0.000000 1 0.000000 0.000000 0.000000
3 1708943512 0.000000 1 0.000000 0.000000 0.000000
4 1708943512 0.000000 1 0.000000 0.000000 0.000000
1 1708943513 8.000000 1 8.000000 8.000000 8.000000
2 1708943513 0.000000 1 0.000000 0.000000 0.000000
3 1708943513 0.000000 1 0.000000 0.000000 0.000000
4 1708943513 0.000000 1 0.000000 0.000000 0.000000
1 1708943514 8.000000 1 8.000000 8.000000 8.000000
2 1708943514 0.000000 1 0.000000 0.000000 0.000000
3 1708943514 0.000000 1 0.000000 0.000000 0.000000
4 1708943514 0.000000 1 0.000000 0.000000 0.000000
1 1708943515 8.000000 1 8.000000 8.000000 8.000000
2 1708943515 0.000000 1 0.000000 0.000000 0.000000
3 1708943515 0.000000 1 0.000000 0.000000 0.000000
4 1708943515 0.000000 1 0.000000 0.000000 0.000000
1 1708943516 8.000000 1 8.000000 8.000000 8.000000
2 1708943516 0.000000 1 0.000000 0.000000 0.000000
3 1708943516 0.000000 1 0.000000 0.000000 0.000000
4 1708943516 0.000000 1 0.000000 0.000000 0.000000
1 1708943517 8.000000 1 8.000000 8.000000 8.000000
2 1708943517 0.000000 1 0.000000 0.000000 0.000000
3 1708943517 0.000000 1 0.000000 0.000000 0.000000
4 1708943517 0.000000 1 0.000000 0.000000 0.000000
1 1708943518 8.000000 1 8.000000 8.000000 8.000000
2 1708943518 0.000000 1 0.000000 0.000000 0.000000
3 1708943518 0.000000 1 0.000000 0.000000 0.000000
4 1708943518 0.000000 1 0.000000 0.000000 0.000000
1 1708943519 8.000000 1 8.000000 8.000000 8.000000
2 1708943519 0.000000 1 0.000000 0.000000 0.000000
3 1708943519 0.000000 1 0.000000 0.000000 0.000000
4 1708943519 0.000000 1 0.000000 0.000000 0.000000
1 1708943520 8.000000 1 8.000000 8.000000 8.000000
2 1708943520 0.000000 1 0.000000 0.000000 0.000000
3 1708943520 0.000000 1 0.000000 0.000000 0.000000
4 1708943520 0.000000 1 0.000000 0.000000 0.000000
1 1708943521 8.000000 1 8.000000 8.000000 8.000000
2 1708943521 0.000000 1 0.000000 0.000000 0.000000
3 1708943521 0.000000 1 0.000000 0.000000 0.000000
4 1708943521 0.000000 1 0.000000 0.000000 0.000000
1 1708943522 8.000000 1 8.000000 8.000000 8.000000
2 1708943522 0.000000 1 0.000000 0.000000 0.000000
3 1708943522 0.000000 1 0.000000 0.000000 0.000000
4 1708943522 0.000000 1 0.000000 0.000000 0.000000
1 1708943523 8.000000 1 8.000000 8.000000 8.000000
2 1708943523 0.000000 1 0.000000 0.000000 0.000000
3 1708943523 0.000000 1 0.000000 0.000000 0.000000
4 1708943523 0.000000 1 0.000000 0.000000 0.000000
1 1708943524 9.000000 1 9.000000 9.000000 9.000000
2 1708943524 0.000000 1 0.000000 0.000000 0.000000
3 1708943524 0.000000 1 0.000000 0.000000 0.000000
4 1708943524 0.000000 1 0.000000 0.000000 0.000000
1 1708943525 9.000000 1 9.000000 9.000000 9.000000
2 1708943525 0.000000 1 0.000000 0.000000 0.000000
3 1708943525 0.000000 1 0.000000 0.000000 0.000000
4 1708943525 0.000000 1 0.000000 0.000000 0.000000
1 1708943526 9.000000 1 9.000000 9.000000 9.000000
2 1708943526 0.000000 1 0.000000 0.000000 0.000000
3 1708943526 0.000000 1 0.000000 0.000000 0.000000
4 1708943526 0.000000 1 0.000000 0.000000 0.000000
1 1708943527 9.000000 1 9.000000 9.000000 9.000000
2 1708943527 0.000000 1 0.000000 0.000000 0.000000
3 1708943527 0.000000 1 0.000000 0.000000 0.000000
4 1708943527 0.000000 1 0.000000 0.000000 0.000000
1 1708943528 9.000000 1 9.000000 9.000000 9.000000
2 1708943528 0.000000 1 0.000000 0.000000 0.000000
3 1708943528 0.000000 1 0.000000 0.000000 0.000000
4 1708943528 0.000000 1 0.000000 0.000000 0.000000
1 1708943529 9.000000 1 9.000000 9.000000 9.000000
2 1708943529 0.000000 1 0.000000 0.000000 0.000000
3 1708943529 0.000000 1 0.000000 0.000000 0.000000
4 1708943529 0.000000 1 0.000000 0.000000 0.000000
1 1708943530 9.000000 1 9.000000 9.000000 9.000000
2 1708943530 0.000000 1 0.000000 0.000000 0.000000
3 1708943530 0.000000 1 0.000000 0.000000 0.000000
4 1708943530 0.000000 1 0.000000 0.000000 0.000000
1 1708943531 9.000000 1 9.000000 9.000000 9.000000
2 1708943531 0.000000 1 0.000000 0.000000 0.000000
3 1708943531 0.000000 1 0.000000 0.000000 0.000000
4 1708943531 0.000000 1 0.000000 0.000000 0.000000
1 1708943532 9.000000 1 9.000000 9.000000 9.000000
2 1708943532 0.000000 1 0.000000 0.000000 0.000000
3 1708943532 0.000000 1 0.000000 0.000000 0.000000
4 1708943532 0.000000 1 0.000000 0.000000 0.000000
1 1708943533 9.000000 1 9.000000 9.000000 9.000000
2 1708943533 0.000000 1 0.000000 0.000000 0.000000
3 1708943533 0.000000 1 0.000000 0.000000 0.000000
4 1708943533 0.000000 1 0.000000 0.000000 0.000000
1 1708943534 9.000000 1 9.000000 9.000000 9.000000
2 1708943534 0.000000 1 0.000000 0.000000 0.000000
3 1708943534 0.000000 1 0.000000 0.000000 0.000000
4 1708943534 0.000000 1 0.000000 0.000000 0.000000
1 1708943535 9.000000 1 9.000000 9.000000 9.000000
2 1708943535 0.000000 1 0.000000 0.000000 0.000000
3 1708943535 0.000000 1 0.000000 0.000000 0.000000
4 1708943535 0.000000 1 0.000000 0.000000 0.000000
1 1708943536 9.000000 1 9.000000 9.000000 9.000000
2 1708943536 0.000000 1 0.000000 0.000000 0.000000
3 1708943536 0.000000 1 0.000000 0.000000 0.000000
4 1708943536 0.000000 1 0.000000 0.000000 0.000000
1 1708943537 9.000000 1 9.000000 9.000000 9.000000
2 1708943537 0.000000 1 0.000000 0.000000 0.000000
3 1708943537 0.000000 1 0.000000 0.000000 0.000000
4 1708943537 0.000000 1 0.000000 0.000000 0.000000
1 1708943538 9.000000 1 9.000000 9.000000 9.000000
2 1708943538 0.000000 1 0.000000 0.000000 0.000000
3 1708943538 0.000000 1 0.000000 0.000000 0.000000
4 1708943538 0.000000 1 0.000000 0.000000 0.000000
1 1708943539 9.000000 1 9.000000 9.000000 9.000000
2 1708943539 0.000000 1 0.000000 0.000000 0.000000
3 1708943539 0.000000 1 0.000000 0.000000 0.000000
4 1708943539 0.000000 1 0.000000 0.000000 0.000000
1 1708943540 9.000000 1 9.000000 9.000000 9.000000
2 1708943540 0.000000 1 0.000000 0.000000 0.000000
3 1708943540 0.000000 1 0.000000 0.000000 0.000000
4 1708943540 0.000000 1 0.000000 0.000000 0.000000
1 1708943541 10.000000 1 10.000000 10.000000 10.000000
2 1708943541 0.000000 1 0.000000 0.000000 0.000000
3 1708943541 0.000000 1 0.000000 0.000000 0.000000
4 1708943541 0.000000 1 0.000000 0.000000 0.000000
1 1708943542 10.000000 1 10.000000 10.000000 10.000000
2 1708943542 0.000000 1 0.000000 0.000000 0.000000
3 1708943542 0.000000 1 0.000000 0.000000 0.000000
4 1708943542 0.000000 1 0.000000 0.000000 0.000000
1 1708943543 10.000000 1 10.000000 10.000000 10.000000
2 1708943543 0.000000 1 0.000000 0.000000 0.000000
3 1708943543 0.000000 1 0.000000 0.000000 0.000000
4 1708943543 0.000000 1 0.000000 0.000000 0.000000
1 1708943544 10.000000 1 10.000000 10.000000 10.000000
2 1708943544 0.000000 1 0.000000 0.000000 0.000000
3 1708943544 0.000000 1 0.000000 0.000000 0.000000
4 1708943544 0.000000 1 0.000000 0.000000 0.000000
1 1708943545 10.000000 1 10.000000 10.000000 10.000000
2 1708943545 0.000000 1 0.000000 0.000000 0.000000
3 1708943545 0.000000 1 0.000000 0.000000 0.000000
4 1708943545 0.000000 1 0.000000 0.000000 0.000000
1 1708943546 10.000000 1 10.000000 10.000000 10.000000
2 1708943546 0.000000 1 0.000000 0.000000 0.000000
3 1708943546 0.000000 1 0.000000 0.000000 0.000000
4 1708943546 0.000000 1 0.000000 0.000000 0.000000
1 1708943547 10.000000 1 10.000000 10.000000 10.000000
2 1708943547 0.000000 1 0.000000 0.000000 0.000000
3 1708943547 0.000000 1 0.000000 0.000000 0.000000
4 1708943547 0.000000 1 0.000000 0.000000 0.000000
1 1708943548 10.000000 1 10.000000 10.000000 10.000000
2 1708943548 0.000000 1 0.000000 0.000000 0.000000
3 1708943548 0.000000 1 0.000000 0.000000 0.000000
4 1708943548 0.000000 1 0.000000 0.000000 0.000000
1 1708943549 10.000000 1 10.000000 10.000000 10.000000
2 1708943549 0.000000 1 0.000000 0.000000 0.000000
3 1708943549 0.000000 1 0.000000 0.000000 0.000000
4 1708943549 0.000000 1 0.000000 0.000000 0.000000
1 1708943550 10.000000 1 10.000000 10.000000 10.000000
2 1708943550 0.000000 1 0.000000 0.000000 0.000000
3 1708943550 0.000000 1 0.000000 0.000000 0.000000
4 1708943550 0.000000 1 0.000000 0.000000 0.000000
1 1708943551 10.000000 1 10.000000 10.000000 10.000000
2 1708943551 0.000000 1 0.000000 0.000000 0.000000
3 1708943551 0.000000 1 0.000000 0.000000 0.000000
4 1708943551 0.000000 1 0.000000 0.000000 0.000000
1 1708943552 10.000000 1 10.000000 10.000000 10.000000
2 1708943552 0.000000 1 0.000000 0.000000 0.000000
3 1708943552 0.000000 1 0.000000 0.000000 0.000000
4 1708943552 0.000000 1 0.000000 0.000000 0.000000
1 1708943553 10.000000 1 10.000000 10.000000 10.000000
2 1708943553 0.000000 1 0.000000 0.000000 0.000000
3 1708943553 0.000000 1 0.000000 0.000000 0.000000
4 1708943553 0.000000 1 0.000000 0.000000 0.000000
1 1708943554 10.000000 1 10.000000 10.000000 10.000000
2 1708943554 0.000000 1 0.000000 0.000000 0.000000
3 1708943554 0.000000 1 0.000000 0.000000 0.000000
4 1708943554 0.000000 1 0.000000 0.000000 0.000000
1 1708943555 10.000000 1 10.000000 10.000000 10.000000
2 1708943555 0.000000 1 0.000000 0.000000 0.000000
3 1708943555 0.000000 1 0.000000 0.000000 0.000000
4 1708943555 0.000000 1 0.000000 0.000000 0.000000
1 1708943556 10.000000 1 10.000000 10.000000 10.000000
2 1708943556 0.000000 1 0.000000 0.000000 0.000000
3 1708943556 0.000000 1 0.000000 0.000000 0.000000
4 1708943556 0.000000 1 0.000000 0.000000 0.000000
1 1708943557 10.000000 1 10.000000 10.000000 10.000000
2 1708943557 0.000000 1 0.000000 0.000000 0.000000
3 1708943557 0.000000 1 0.000000 0.000000 0.000000
4 1708943557 0.000000 1 0.000000 0.000000 0.000000
1 1708943558 10.000000 1 10.000000 10.000000 10.000000
2 1708943558 0.000000 1 0.000000 0.000000 0.000000
3 1708943558 0.000000 1 0.000000 0.000000 0.000000
4 1708943558 0.000000 1 0.000000 0.000000 0.000000
1 1708943559 10.000000 1 10.000000 10.000000 10.000000
2 1708943559 0.000000 1 0.000000 0.000000 0.000000
3 1708943559 0.000000 1 0.000000 0.000000 0.000000
4 1708943559 0.000000 1 0.000000 0.000000 0.000000
1 1708943560 10.000000 1 10.000000 10.000000 10.000000
2 1708943560 0.000000 1 0.000000 0.000000 0.000000
3 1708943560 0.000000 1 0.000000 0.000000 0.000000
4 1708943560 0.000000 1 0.000000 0.000000 0.000000
1 1708943561 10.000000 1 10.000000 10.000000 10.000000
2 1708943561 0.000000 1 0.000000 0.000000 0.000000
3 1708943561 0.000000 1 0.000000 0.000000 0.000000
4 1708943561 0.000000 1 0.000000 0.000000 0.000000
1 1708943562 10.000000 1 10.000000 10.000000 10.000000
2 1708943562 0.000000 1 0.000000 0.000000 0.000000
3 1708943562 0.000000 1 0.000000 0.000000 0.000000
4 1708943562 0.000000 1 0.000000 0.000000 0.000000
1 1708943563 10.000000 1 10.000000 10.000000 10.000000
2 1708943563 0.000000 1 0.000000 0.000000 0.000000
3 1708943563 0.000000 1 0.000000 0.000000 0.000000
4 1708943563 0.000000 1 0.000000 0.000000 0.000000
1 1708943564 10.000000 1 10.000000 10.000000 10.000000
2 1708943564 0.000000 1 0.000000 0.000000 0.000000
3 1708943564 0.000000 1 0.000000 0.000000 0.000000
4 1708943564 0.000000 1 0.000000 0.000000 0.000000
1 1708943565 10.000000 1 10.000000 10.000000 10.000000
2 1708943565 0.000000 1 0.000000 0.000000 0.000000
3 1708943565 0.000000 1 0.000000 0.000000 0.000000
4 1708943565 0.000000 1 0.000000 0.000000 0.000000
1 1708943567 10.000000 1 10.000000 10.000000 10.000000
2 1708943567 0.000000 1 0.000000 0.000000 0.000000
3 1708943567 0.000000 1 0.000000 0.000000 0.000000
4 1708943567 0.000000 1 0.000000 0.000000 0.000000
1 1708943568 10.000000 1 10.000000 10.000000 10.000000
2 1708943568 0.000000 1 0.000000 0.000000 0.000000
3 1708943568 0.000000 1 0.000000 0.000000 0.000000
4 1708943568 0.000000 1 0.000000 0.000000 0.000000
1 1708943569 10.000000 1 10.000000 10.000000 10.000000
2 1708943569 0.000000 1 0.000000 0.000000 0.000000
3 1708943569 0.000000 1 0.000000 0.000000 0.000000
4 1708943569 0.000000 1 0.000000 0.000000 0.000000
1 1708943570 10.000000 1 10.000000 10.000000 10.000000
2 1708943570 0.000000 1 0.000000 0.000000 0.000000
3 1708943570 0.000000 1 0.000000 0.000000 0.000000
4 1708943570 0.000000 1 0.000000 0.000000 0.000000
1 1708943571 10.000000 1 10.000000 10.000000 10.000000
2 1708943571 0.000000 1 0.000000 0.000000 0.000000
3 1708943571 0.000000 1 0.000000 0.000000 0.000000
4 1708943571 0.000000 1 0.000000 0.000000 0.000000
1 1708943572 10.000000 1 10.000000 10.000000 10.000000
2 1708943572 0.000000 1 0.000000 0.000000 0.000000
3 1708943572 0.000000 1 0.000000 0.000000 0.000000
4 1708943572 0.000000 1 0.000000 0.000000 0.000000
1 1708943573 10.000000 1 10.000000 10.000000 10.000000
2 1708943573 0.000000 1 0.000000 0.000000 0.000000
3 1708943573 0.000000 1 0.000000 0.000000 0.000000
4 1708943573 0.000000 1 0.000000 0.000000 0.000000
1 1708943574 10.000000 1 10.000000 10.000000 10.000000
2 1708943574 0.000000 1 0.000000 0.000000 0.000000
3 1708943574 0.000000 1 0.000000 0.000000 0.000000
4 1708943574 0.000000 1 0.000000 0.000000 0.000000
1 1708943575 10.000000 1 10.000000 10.000000 10.000000
2 1708943575 0.000000 1 0.000000 0.000000 0.000000
3 1708943575 0.000000 1 0.000000 0.000000 0.000000
4 1708943575 0.000000 1 0.000000 0.000000 0.000000
1 1708943576 10.000000 1 10.000000 10.000000 10.000000
2 1708943576 0.000000 1 0.000000 0.000000 0.000000
3 1708943576 0.000000 1 0.000000 0.000000 0.000000
4 1708943576 0.000000 1 0.000000 0.000000 0.000000
1 1708943577 10.000000 1 10.000000 10.000000 10.000000
2 1708943577 0.000000 1 0.000000 0.000000 0.000000
3 1708943577 0.000000 1 0.000000 0.000000 0.000000
4 1708943577 0.000000 1 0.000000 0.000000 0.000000
1 1708943578 10.000000 1 10.000000 10.000000 10.000000
2 1708943578 0.000000 1 0.000000 0.000000 0.000000
3 1708943578 0.000000 1 0.000000 0.000000 0.000000
4 1708943578 0.000000 1 0.000000 0.000000 0.000000
1 1708943579 10.000000 1 10.000000 10.000000 10.000000
2 1708943579 0.000000 1 0.000000 0.000000 0.000000
3 1708943579 0.000000 1 0.000000 0.000000 0.000000
4 1708943579 0.000000 1 0.000000 0.000000 0.000000
1 1708943580 10.000000 1 10.000000 10.000000 10.000000
2 1708943580 0.000000 1 0.000000 0.000000 0.000000
3 1708943580 0.000000 1 0.000000 0.000000 0.000000
4 1708943580 0.000000 1 0.000000 0.000000 0.000000
1 1708943581 10.000000 1 10.000000 10.000000 10.000000
2 1708943581 0.000000 1 0.000000 0.000000 0.000000
3 1708943581 0.000000 1 0.000000 0.000000 0.000000
4 1708943581 0.000000 1 0.000000 0.000000 0.000000
1 1708943582 10.000000 1 10.000000 10.000000 10.000000
2 1708943582 0.000000 1 0.000000 0.000000 0.000000
3 1708943582 0.000000 1 0.000000 0.000000 0.000000
4 1708943582 0.000000 1 0.000000 0.000000 0.000000
1 1708943583 10.000000 1 10.000000 10.000000 10.000000
2 1708943583 0.000000 1 0.000000 0.000000 0.000000
3 1708943583 0.000000 1 0.000000 0.000000 0.000000
4 1708943583 0.000000 1 0.000000 0.000000 0.000000
1 1708943584 10.000000 1 10.000000 10.000000 10.000000
2 1708943584 0.000000 1 0.000000 0.000000 0.000000
3 1708943584 0.000000 1 0.000000 0.000000 0.000000
4 1708943584 0.000000 1 0.000000 0.000000 0.000000
1 1708943585 10.000000 1 10.000000 10.000000 10.000000
2 1708943585 0.000000 1 0.000000 0.000000 0.000000
3 1708943585 0.000000 1 0.000000 0.000000 0.000000
4 1708943585 0.000000 1 0.000000 0.000000 0.000000
1 1708943586 10.000000 1 10.000000 10.000000 10.000000
2 1708943586 0.000000 1 0.000000 0.000000 0.000000
3 1708943586 0.000000 1 0.000000 0.000000 0.000000
4 1708943586 0.000000 1 0.000000 0.000000 0.000000
1 1708943587 10.000000 1 10.000000 10.000000 10.000000
2 1708943587 0.000000 1 0.000000 0.000000 0.000000
3 1708943587 0.000000 1 0.000000 0.000000 0.000000
4 1708943587 0.000000 1 0.000000 0.000000 0.000000
1 1708943588 10.000000 1 10.000000 10.000000 10.000000
2 1708943588 0.000000 1 0.000000 0.000000 0.000000
3 1708943588 0.000000 1 0.000000 0.000000 0.000000
4 1708943588 0.000000 1 0.000000 0.000000 0.000000
1 1708943589 10.000000 1 10.000000 10.000000 10.000000
2 1708943589 0.000000 1 0.000000 0.000000 0.000000
3 1708943589 0.000000 1 0.000000 0.000000 0.000000
4 1708943589 0.000000 1 0.000000 0.000000 0.000000
1 1708943590 10.000000 1 10.000000 10.000000 10.000000
2 1708943590 0.000000 1 0.000000 0.000000 0.000000
3 1708943590 0.000000 1 0.000000 0.000000 0.000000
4 1708943590 0.000000 1 0.000000 0.000000 0.000000
1 1708943591 10.000000 1 10.000000 10.000000 10.000000
2 1708943591 0.000000 1 0.000000 0.000000 0.000000
3 1708943591 0.000000 1 0.000000 0.000000 0.000000
4 1708943591 0.000000 1 0.000000 0.000000 0.000000
1 1708943592 10.000000 1 10.000000 10.000000 10.000000
2 1708943592 0.000000 1 0.000000 0.000000 0.000000
3 1708943592 0.000000 1 0.000000 0.000000 0.000000
4 1708943592 0.000000 1 0.000000 0.000000 0.000000
1 1708943593 10.000000 1 10.000000 10.000000 10.000000
2 1708943593 0.000000 1 0.000000 0.000000 0.000000
3 1708943593 0.000000 1 0.000000 0.000000 0.000000
4 1708943593 0.000000 1 0.000000 0.000000 0.000000
1 1708943594 10.000000 1 10.000000 10.000000 10.000000
2 1708943594 0.000000 1 0.000000 0.000000 0.000000
3 1708943594 0.000000 1 0.000000 0.000000 0.000000
4 1708943594 0.000000 1 0.000000 0.000000 0.000000
1 1708943595 10.000000 1 10.000000 10.000000 10.000000
2 1708943595 0.000000 1 0.000000 0.000000 0.000000
3 1708943595 0.000000 1 0.000000 0.000000 0.000000
4 1708943595 0.000000 1 0.000000 0.000000 0.000000
1 1708943596 10.000000 1 10.000000 10.000000 10.000000
2 1708943596 0.000000 1 0.000000 0.000000 0.000000
3 1708943596 0.000000 1 0.000000 0.000000 0.000000
4 1708943596 0.000000 1 0.000000 0.000000 0.000000
1 1708943597 10.000000 1 10.000000 10.000000 10.000000
2 1708943597 0.000000 1 0.000000 0.000000 0.000000
3 1708943597 0.000000 1 0.000000 0.000000 0.000000
4 1708943597 0.000000 1 0.000000 0.000000 0.000000
1 1708943598 10.000000 1 10.000000 10.000000 10.000000
2 1708943598 0.000000 1 0.000000 0.000000 0.000000
3 1708943598 0.000000 1 0.000000 0.000000 0.000000
4 1708943598 0.000000 1 0.000000 0.000000 0.000000
1 1708943599 10.000000 1 10.000000 10.000000 10.000000
2 1708943599 0.000000 1 0.000000 0.000000 0.000000
3 1708943599 0.000000 1 0.000000 0.000000 0.000000
4 1708943599 0.000000 1 0.000000 0.000000 0.000000
1 1708943600 10.000000 1 10.000000 10.000000 10.000000
2 1708943600 0.000000 1 0.000000 0.000000 0.000000
3 1708943600 0.000000 1 0.000000 0.000000 0.000000
4 1708943600 0.000000 1 0.000000 0.000000 0.000000
1 1708943601 10.000000 1 10.000000 10.000000 10.000000
2 1708943601 0.000000 1 0.000000 0.000000 0.000000
3 1708943601 0.000000 1 0.000000 0.000000 0.000000
4 1708943601 0.000000 1 0.000000 0.000000 0.000000
1 1708943602 10.000000 1 10.000000 10.000000 10.000000
2 1708943602 0.000000 1 0.000000 0.000000 0.000000
3 1708943602 0.000000 1 0.000000 0.000000 0.000000
4 1708943602 0.000000 1 0.000000 0.000000 0.000000
1 1708943603 10.000000 1 10.000000 10.000000 10.000000
2 1708943603 0.000000 1 0.000000 0.000000 0.000000
3 1708943603 0.000000 1 0.000000 0.000000 0.000000
4 1708943603 0.000000 1 0.000000 0.000000 0.000000
1 1708943604 10.000000 1 10.000000 10.000000 10.000000
2 1708943604 0.000000 1 0.000000 0.000000 0.000000
3 1708943604 0.000000 1 0.000000 0.000000 0.000000
4 1708943604 0.000000 1 0.000000 0.000000 0.000000
1 1708943605 10.000000 1 10.000000 10.000000 10.000000
2 1708943605 0.000000 1 0.000000 0.000000 0.000000
3 1708943605 0.000000 1 0.000000 0.000000 0.000000
4 1708943605 0.000000 1 0.000000 0.000000 0.000000
1 1708943606 10.000000 1 10.000000 10.000000 10.000000
2 1708943606 0.000000 1 0.000000 0.000000 0.000000
3 1708943606 0.000000 1 0.000000 0.000000 0.000000
4 1708943606 0.000000 1 0.000000 0.000000 0.000000
1 1708943607 10.000000 1 10.000000 10.000000 10.000000
2 1708943607 0.000000 1 0.000000 0.000000 0.000000
3 1708943607 0.000000 1 0.000000 0.000000 0.000000
4 1708943607 0.000000 1 0.000000 0.000000 0.000000
1 1708943608 10.000000 1 10.000000 10.000000 10.000000
2 1708943608 0.000000 1 0.000000 0.000000 0.000000
3 1708943608 0.000000 1 0.000000 0.000000 0.000000
4 1708943608 0.000000 1 0.000000 0.000000 0.000000
1 1708943609 10.000000 1 10.000000 10.000000 10.000000
2 1708943609 0.000000 1 0.000000 0.000000 0.000000
3 1708943609 0.000000 1 0.000000 0.000000 0.000000
4 1708943609 0.000000 1 0.000000 0.000000 0.000000
1 1708943610 10.000000 1 10.000000 10.000000 10.000000
2 1708943610 0.000000 1 0.000000 0.000000 0.000000
3 1708943610 0.000000 1 0.000000 0.000000 0.000000
4 1708943610 0.000000 1 0.000000 0.000000 0.000000
1 1708943611 10.000000 1 10.000000 10.000000 10.000000
2 1708943611 0.000000 1 0.000000 0.000000 0.000000
3 1708943611 0.000000 1 0.000000 0.000000 0.000000
4 1708943611 0.000000 1 0.000000 0.000000 0.000000
1 1708943612 10.000000 1 10.000000 10.000000 10.000000
2 1708943612 0.000000 1 0.000000 0.000000 0.000000
3 1708943612 0.000000 1 0.000000 0.000000 0.000000
4 1708943612 0.000000 1 0.000000 0.000000 0.000000
1 1708943613 10.000000 1 10.000000 10.000000 10.000000
2 1708943613 0.000000 1 0.000000 0.000000 0.000000
3 1708943613 0.000000 1 0.000000 0.000000 0.000000
4 1708943613 0.000000 1 0.000000 0.000000 0.000000
1 1708943614 10.000000 1 10.000000 10.000000 10.000000
2 1708943614 0.000000 1 0.000000 0.000000 0.000000
3 1708943614 0.000000 1 0.000000 0.000000 0.000000
4 1708943614 0.000000 1 0.000000 0.000000 0.000000
1 1708943615 10.000000 1 10.000000 10.000000 10.000000
2 1708943615 0.000000 1 0.000000 0.000000 0.000000
3 1708943615 0.000000 1 0.000000 0.000000 0.000000
4 1708943615 0.000000 1 0.000000 0.000000 0.000000
1 1708943616 10.000000 1 10.000000 10.000000 10.000000
2 1708943616 0.000000 1 0.000000 0.000000 0.000000
3 1708943616 0.000000 1 0.000000 0.000000 0.000000
4 1708943616 0.000000 1 0.000000 0.000000 0.000000
1 1708943617 10.000000 1 10.000000 10.000000 10.000000
2 1708943617 0.000000 1 0.000000 0.000000 0.000000
3 1708943617 0.000000 1 0.000000 0.000000 0.000000
4 1708943617 0.000000 1 0.000000 0.000000 0.000000
1 1708943618 10.000000 1 10.000000 10.000000 10.000000
2 1708943618 0.000000 1 0.000000 0.000000 0.000000
3 1708943618 0.000000 1 0.000000 0.000000 0.000000
4 1708943618 0.000000 1 0.000000 0.000000 0.000000
1 1708943619 10.000000 1 10.000000 10.000000 10.000000
2 1708943619 0.000000 1 0.000000 0.000000 0.000000
3 1708943619 0.000000 1 0.000000 0.000000 0.000000
4 1708943619 0.000000 1 0.000000 0.000000 0.000000
1 1708943620 10.000000 1 10.000000 10.000000 10.000000
2 1708943620 0.000000 1 0.000000 0.000000 0.000000
3 1708943620 0.000000 1 0.000000 0.000000 0.000000
4 1708943620 0.000000 1 0.000000 0.000000 0.000000
1 1708943621 10.000000 1 10.000000 10.000000 10.000000
2 1708943621 0.000000 1 0.000000 0.000000 0.000000
3 1708943621 0.000000 1 0.000000 0.000000 0.000000
4 1708943621 0.000000 1 0.000000 0.000000 0.000000
1 1708943622 10.000000 1 10.000000 10.000000 10.000000
2 1708943622 0.000000 1 0.000000 0.000000 0.000000
3 1708943622 0.000000 1 0.000000 0.000000 0.000000
4 1708943622 0.000000 1 0.000000 0.000000 0.000000
1 1708943623 10.000000 1 10.000000 10.000000 10.000000
2 1708943623 0.000000 1 0.000000 0.000000 0.000000
3 1708943623 0.000000 1 0.000000 0.000000 0.000000
4 1708943623 0.000000 1 0.000000 0.000000 0.000000
1 1708943624 10.000000 1 10.000000 10.000000 10.000000
2 1708943624 0.000000 1 0.000000 0.000000 0.000000
3 1708943624 0.000000 1 0.000000 0.000000 0.000000
4 1708943624 0.000000 1 0.000000 0.000000 0.000000
1 1708943625 10.000000 1 10.000000 10.000000 10.000000
2 1708943625 0.000000 1 0.000000 0.000000 0.000000
3 1708943625 0.000000 1 0.000000 0.000000 0.000000
4 1708943625 0.000000 1 0.000000 0.000000 0.000000
1 1708943626 10.000000 1 10.000000 10.000000 10.000000
2 1708943626 0.000000 1 0.000000 0.000000 0.000000
3 1708943626 0.000000 1 0.000000 0.000000 0.000000
4 1708943626 0.000000 1 0.000000 0.000000 0.000000
1 1708943627 10.000000 1 10.000000 10.000000 10.000000
2 1708943627 0.000000 1 0.000000 0.000000 0.000000
3 1708943627 0.000000 1 0.000000 0.000000 0.000000
4 1708943627 0.000000 1 0.000000 0.000000 0.000000
1 1708943629 10.000000 1 10.000000 10.000000 10.000000
2 1708943629 0.000000 1 0.000000 0.000000 0.000000
3 1708943629 0.000000 1 0.000000 0.000000 0.000000
4 1708943629 0.000000 1 0.000000 0.000000 0.000000
1 1708943630 10.000000 1 10.000000 10.000000 10.000000
2 1708943630 0.000000 1 0.000000 0.000000 0.000000
3 1708943630 0.000000 1 0.000000 0.000000 0.000000
4 1708943630 0.000000 1 0.000000 0.000000 0.000000
1 1708943631 10.000000 1 10.000000 10.000000 10.000000
2 1708943631 0.000000 1 0.000000 0.000000 0.000000
3 1708943631 0.000000 1 0.000000 0.000000 0.000000
4 1708943631 0.000000 1 0.000000 0.000000 0.000000
1 1708943632 10.000000 1 10.000000 10.000000 10.000000
2 1708943632 0.000000 1 0.000000 0.000000 0.000000
3 1708943632 0.000000 1 0.000000 0.000000 0.000000
4 1708943632 0.000000 1 0.000000 0.000000 0.000000
1 1708943633 10.000000 1 10.000000 10.000000 10.000000
2 1708943633 0.000000 1 0.000000 0.000000 0.000000
3 1708943633 0.000000 1 0.000000 0.000000 0.000000
4 1708943633 0.000000 1 0.000000 0.000000 0.000000
1 1708943634 10.000000 1 10.000000 10.000000 10.000000
2 1708943634 0.000000 1 0.000000 0.000000 0.000000
3 1708943634 0.000000 1 0.000000 0.000000 0.000000
4 1708943634 0.000000 1 0.000000 0.000000 0.000000
1 1708943635 10.000000 1 10.000000 10.000000 10.000000
2 1708943635 0.000000 1 0.000000 0.000000 0.000000
3 1708943635 0.000000 1 0.000000 0.000000 0.000000
4 1708943635 0.000000 1 0.000000 0.000000 0.000000
1 1708943636 10.000000 1 10.000000 10.000000 10.000000
2 1708943636 0.000000 1 0.000000 0.000000 0.000000
3 1708943636 0.000000 1 0.000000 0.000000 0.000000
4 1708943636 0.000000 1 0.000000 0.000000 0.000000
1 1708943637 10.000000 1 10.000000 10.000000 10.000000
2 1708943637 0.000000 1 0.000000 0.000000 0.000000
3 1708943637 0.000000 1 0.000000 0.000000 0.000000
4 1708943637 0.000000 1 0.000000 0.000000 0.000000
1 1708943638 10.000000 1 10.000000 10.000000 10.000000
2 1708943638 0.000000 1 0.000000 0.000000 0.000000
3 1708943638 0.000000 1 0.000000 0.000000 0.000000
4 1708943638 0.000000 1 0.000000 0.000000 0.000000
1 1708943639 10.000000 1 10.000000 10.000000 10.000000
2 1708943639 0.000000 1 0.000000 0.000000 0.000000
3 1708943639 0.000000 1 0.000000 0.000000 0.000000
4 1708943639 0.000000 1 0.000000 0.000000 0.000000
1 1708943640 10.000000 1 10.000000 10.000000 10.000000
2 1708943640 0.000000 1 0.000000 0.000000 0.000000
3 1708943640 0.000000 1 0.000000 0.000000 0.000000
4 1708943640 0.000000 1 0.000000 0.000000 0.000000
1 1708943641 10.000000 1 10.000000 10.000000 10.000000
2 1708943641 0.000000 1 0.000000 0.000000 0.000000
3 1708943641 0.000000 1 0.000000 0.000000 0.000000
4 1708943641 0.000000 1 0.000000 0.000000 0.000000
1 1708943642 10.000000 1 10.000000 10.000000 10.000000
2 1708943642 0.000000 1 0.000000 0.000000 0.000000
3 1708943642 0.000000 1 0.000000 0.000000 0.000000
4 1708943642 0.000000 1 0.000000 0.000000 0.000000
1 1708943643 10.000000 1 10.000000 10.000000 10.000000
2 1708943643 0.000000 1 0.000000 0.000000 0.000000
3 1708943643 0.000000 1 0.000000 0.000000 0.000000
4 1708943643 0.000000 1 0.000000 0.000000 0.000000
1 1708943644 10.000000 1 10.000000 10.000000 10.000000
2 1708943644 0.000000 1 0.000000 0.000000 0.000000
3 1708943644 0.000000 1 0.000000 0.000000 0.000000
4 1708943644 0.000000 1 0.000000 0.000000 0.000000
1 1708943645 10.000000 1 10.000000 10.000000 10.000000
2 1708943645 0.000000 1 0.000000 0.000000 0.000000
3 1708943645 0.000000 1 0.000000 0.000000 0.000000
4 1708943645 0.000000 1 0.000000 0.000000 0.000000
1 1708943646 10.000000 1 10.000000 10.000000 10.000000
2 1708943646 0.000000 1 0.000000 0.000000 0.000000
3 1708943646 0.000000 1 0.000000 0.000000 0.000000
4 1708943646 0.000000 1 0.000000 0.000000 0.000000
1 1708943647 10.000000 1 10.000000 10.000000 10.000000
2 1708943647 0.000000 1 0.000000 0.000000 0.000000
3 1708943647 0.000000 1 0.000000 0.000000 0.000000
4 1708943647 0.000000 1 0.000000 0.000000 0.000000
1 1708943648 10.000000 1 10.000000 10.000000 10.000000
2 1708943648 0.000000 1 0.000000 0.000000 0.000000
3 1708943648 0.000000 1 0.000000 0.000000 0.000000
4 1708943648 0.000000 1 0.000000 0.000000 0.000000
1 1708943649 10.000000 1 10.000000 10.000000 10.000000
2 1708943649 0.000000 1 0.000000 0.000000 0.000000
3 1708943649 0.000000 1 0.000000 0.000000 0.000000
4 1708943649 0.000000 1 0.000000 0.000000 0.000000
1 1708943650 10.000000 1 10.000000 10.000000 10.000000
2 1708943650 0.000000 1 0.000000 0.000000 0.000000
3 1708943650 0.000000 1 0.000000 0.000000 0.000000
4 1708943650 0.000000 1 0.000000 0.000000 0.000000
1 1708943651 10.000000 1 10.000000 10.000000 10.000000
2 1708943651 0.000000 1 0.000000 0.000000 0.000000
3 1708943651 0.000000 1 0.000000 0.000000 0.000000
4 1708943651 0.000000 1 0.000000 0.000000 0.000000
1 1708943652 10.000000 1 10.000000 10.000000 10.000000
2 1708943652 0.000000 1 0.000000 0.000000 0.000000
3 1708943652 0.000000 1 0.000000 0.000000 0.000000
4 1708943652 0.000000 1 0.000000 0.000000 0.000000
1 1708943653 10.000000 1 10.000000 10.000000 10.000000
2 1708943653 0.000000 1 0.000000 0.000000 0.000000
3 1708943653 0.000000 1 0.000000 0.000000 0.000000
4 1708943653 0.000000 1 0.000000 0.000000 0.000000
1 1708943654 10.000000 1 10.000000 10.000000 10.000000
2 1708943654 0.000000 1 0.000000 0.000000 0.000000
3 1708943654 0.000000 1 0.000000 0.000000 0.000000
4 1708943654 0.000000 1 0.000000 0.000000 0.000000
1 1708943655 10.000000 1 10.000000 10.000000 10.000000
2 1708943655 0.000000 1 0.000000 0.000000 0.000000
3 1708943655 0.000000 1 0.000000 0.000000 0.000000
4 1708943655 0.000000 1 0.000000 0.000000 0.000000
1 1708943656 10.000000 1 10.000000 10.000000 10.000000
2 1708943656 0.000000 1 0.000000 0.000000 0.000000
3 1708943656 0.000000 1 0.000000 0.000000 0.000000
4 1708943656 0.000000 1 0.000000 0.000000 0.000000
1 1708943657 10.000000 1 10.000000 10.000000 10.000000
2 1708943657 0.000000 1 0.000000 0.000000 0.000000
3 1708943657 0.000000 1 0.000000 0.000000 0.000000
4 1708943657 0.000000 1 0.000000 0.000000 0.000000
1 1708943658 10.000000 1 10.000000 10.000000 10.000000
2 1708943658 0.000000 1 0.000000 0.000000 0.000000
3 1708943658 0.000000 1 0.000000 0.000000 0.000000
4 1708943658 0.000000 1 0.000000 0.000000 0.000000
1 1708943659 10.000000 1 10.000000 10.000000 10.000000
2 1708943659 0.000000 1 0.000000 0.000000 0.000000
3 1708943659 0.000000 1 0.000000 0.000000 0.000000
4 1708943659 0.000000 1 0.000000 0.000000 0.000000
1 1708943660 10.000000 1 10.000000 10.000000 10.000000
2 1708943660 0.000000 1 0.000000 0.000000 0.000000
3 1708943660 0.000000 1 0.000000 0.000000 0.000000
4 1708943660 0.000000 1 0.000000 0.000000 0.000000
1 1708943661 10.000000 1 10.000000 10.000000 10.000000
2 1708943661 0.000000 1 0.000000 0.000000 0.000000
3 1708943661 0.000000 1 0.000000 0.000000 0.000000
4 1708943661 0.000000 1 0.000000 0.000000 0.000000
1 1708943662 10.000000 1 10.000000 10.000000 10.000000
2 1708943662 0.000000 1 0.000000 0.000000 0.000000
3 1708943662 0.000000 1 0.000000 0.000000 0.000000
4 1708943662 0.000000 1 0.000000 0.000000 0.000000
1 1708943663 10.000000 1 10.000000 10.000000 10.000000
2 1708943663 0.000000 1 0.000000 0.000000 0.000000
3 1708943663 0.000000 1 0.000000 0.000000 0.000000
4 1708943663 0.000000 1 0.000000 0.000000 0.000000
1 1708943664 10.000000 1 10.000000 10.000000 10.000000
2 1708943664 0.000000 1 0.000000 0.000000 0.000000
3 1708943664 0.000000 1 0.000000 0.000000 0.000000
4 1708943664 0.000000 1 0.000000 0.000000 0.000000
1 1708943665 10.000000 1 10.000000 10.000000 10.000000
2 1708943665 0.000000 1 0.000000 0.000000 0.000000
3 1708943665 0.000000 1 0.000000 0.000000 0.000000
4 1708943665 0.000000 1 0.000000 0.000000 0.000000
1 1708943666 10.000000 1 10.000000 10.000000 10.000000
2 1708943666 0.000000 1 0.000000 0.000000 0.000000
3 1708943666 0.000000 1 0.000000 0.000000 0.000000
4 1708943666 0.000000 1 0.000000 0.000000 0.000000
1 1708943667 10.000000 1 10.000000 10.000000 10.000000
2 1708943667 0.000000 1 0.000000 0.000000 0.000000
3 1708943667 0.000000 1 0.000000 0.000000 0.000000
4 1708943667 0.000000 1 0.000000 0.000000 0.000000
1 1708943668 10.000000 1 10.000000 10.000000 10.000000
2 1708943668 0.000000 1 0.000000 0.000000 0.000000
3 1708943668 0.000000 1 0.000000 0.000000 0.000000
4 1708943668 0.000000 1 0.000000 0.000000 0.000000
1 1708943669 10.000000 1 10.000000 10.000000 10.000000
2 1708943669 0.000000 1 0.000000 0.000000 0.000000
3 1708943669 0.000000 1 0.000000 0.000000 0.000000
4 1708943669 0.000000 1 0.000000 0.000000 0.000000
1 1708943670 10.000000 1 10.000000 10.000000 10.000000
2 1708943670 0.000000 1 0.000000 0.000000 0.000000
3 1708943670 0.000000 1 0.000000 0.000000 0.000000
4 1708943670 0.000000 1 0.000000 0.000000 0.000000
1 1708943671 10.000000 1 10.000000 10.000000 10.000000
2 1708943671 0.000000 1 0.000000 0.000000 0.000000
3 1708943671 0.000000 1 0.000000 0.000000 0.000000
4 1708943671 0.000000 1 0.000000 0.000000 0.000000
1 1708943672 10.000000 1 10.000000 10.000000 10.000000
2 1708943672 0.000000 1 0.000000 0.000000 0.000000
3 1708943672 0.000000 1 0.000000 0.000000 0.000000
4 1708943672 0.000000 1 0.000000 0.000000 0.000000
1 1708943673 10.000000 1 10.000000 10.000000 10.000000
2 1708943673 0.000000 1 0.000000 0.000000 0.000000
3 1708943673 0.000000 1 0.000000 0.000000 0.000000
4 1708943673 0.000000 1 0.000000 0.000000 0.000000
1 1708943674 10.000000 1 10.000000 10.000000 10.000000
2 1708943674 0.000000 1 0.000000 0.000000 0.000000
3 1708943674 0.000000 1 0.000000 0.000000 0.000000
4 1708943674 0.000000 1 0.000000 0.000000 0.000000
1 1708943675 10.000000 1 10.000000 10.000000 10.000000
2 1708943675 0.000000 1 0.000000 0.000000 0.000000
3 1708943675 0.000000 1 0.000000 0.000000 0.000000
4 1708943675 0.000000 1 0.000000 0.000000 0.000000
1 1708943676 10.000000 1 10.000000 10.000000 10.000000
2 1708943676 0.000000 1 0.000000 0.000000 0.000000
3 1708943676 0.000000 1 0.000000 0.000000 0.000000
4 1708943676 0.000000 1 0.000000 0.000000 0.000000
1 1708943677 10.000000 1 10.000000 10.000000 10.000000
2 1708943677 0.000000 1 0.000000 0.000000 0.000000
3 1708943677 0.000000 1 0.000000 0.000000 0.000000
4 1708943677 0.000000 1 0.000000 0.000000 0.000000
1 1708943678 10.000000 1 10.000000 10.000000 10.000000
2 1708943678 0.000000 1 0.000000 0.000000 0.000000
3 1708943678 0.000000 1 0.000000 0.000000 0.000000
4 1708943678 0.000000 1 0.000000 0.000000 0.000000
1 1708943679 10.000000 1 10.000000 10.000000 10.000000
2 1708943679 0.000000 1 0.000000 0.000000 0.000000
3 1708943679 0.000000 1 0.000000 0.000000 0.000000
4 1708943679 0.000000 1 0.000000 0.000000 0.000000
1 1708943680 10.000000 1 10.000000 10.000000 10.000000
2 1708943680 0.000000 1 0.000000 0.000000 0.000000
3 1708943680 0.000000 1 0.000000 0.000000 0.000000
4 1708943680 0.000000 1 0.000000 0.000000 0.000000
1 1708943681 10.000000 1 10.000000 10.000000 10.000000
2 1708943681 0.000000 1 0.000000 0.000000 0.000000
3 1708943681 0.000000 1 0.000000 0.000000 0.000000
4 1708943681 0.000000 1 0.000000 0.000000 0.000000
1 1708943682 10.000000 1 10.000000 10.000000 10.000000
2 1708943682 0.000000 1 0.000000 0.000000 0.000000
3 1708943682 0.000000 1 0.000000 0.000000 0.000000
4 1708943682 0.000000 1 0.000000 0.000000 0.000000
1 1708943683 10.000000 1 10.000000 10.000000 10.000000
2 1708943683 0.000000 1 0.000000 0.000000 0.000000
3 1708943683 0.000000 1 0.000000 0.000000 0.000000
4 1708943683 0.000000 1 0.000000 0.000000 0.000000
1 1708943684 10.000000 1 10.000000 10.000000 10.000000
2 1708943684 0.000000 1 0.000000 0.000000 0.000000
3 1708943684 0.000000 1 0.000000 0.000000 0.000000
4 1708943684 0.000000 1 0.000000 0.000000 0.000000
1 1708943685 10.000000 1 10.000000 10.000000 10.000000
2 1708943685 0.000000 1 0.000000 0.000000 0.000000
3 1708943685 0.000000 1 0.000000 0.000000 0.000000
4 1708943685 0.000000 1 0.000000 0.000000 0.000000
1 1708943686 10.000000 1 10.000000 10.000000 10.000000
2 1708943686 0.000000 1 0.000000 0.000000 0.000000
3 1708943686 0.000000 1 0.000000 0.000000 0.000000
4 1708943686 0.000000 1 0.000000 0.000000 0.000000
1 1708943687 10.000000 1 10.000000 10.000000 10.000000
2 1708943687 0.000000 1 0.000000 0.000000 0.000000
3 1708943687 0.000000 1 0.000000 0.000000 0.000000
4 1708943687 0.000000 1 0.000000 0.000000 0.000000
1 1708943688 10.000000 1 10.000000 10.000000 10.000000
2 1708943688 0.000000 1 0.000000 0.000000 0.000000
3 1708943688 0.000000 1 0.000000 0.000000 0.000000
4 1708943688 0.000000 1 0.000000 0.000000 0.000000
1 1708943689 10.000000 1 10.000000 10.000000 10.000000
2 1708943689 0.000000 1 0.000000 0.000000 0.000000
3 1708943689 0.000000 1 0.000000 0.000000 0.000000
4 1708943689 0.000000 1 0.000000 0.000000 0.000000
1 1708943691 10.000000 1 10.000000 10.000000 10.000000
2 1708943691 0.000000 1 0.000000 0.000000 0.000000
3 1708943691 0.000000 1 0.000000 0.000000 0.000000
4 1708943691 0.000000 1 0.000000 0.000000 0.000000
1 1708943692 10.000000 1 10.000000 10.000000 10.000000
2 1708943692 0.000000 1 0.000000 0.000000 0.000000
3 1708943692 0.000000 1 0.000000 0.000000 0.000000
4 1708943692 0.000000 1 0.000000 0.000000 0.000000
1 1708943693 10.000000 1 10.000000 10.000000 10.000000
2 1708943693 0.000000 1 0.000000 0.000000 0.000000
3 1708943693 0.000000 1 0.000000 0.000000 0.000000
4 1708943693 0.000000 1 0.000000 0.000000 0.000000
1 1708943694 10.000000 1 10.000000 10.000000 10.000000
2 1708943694 0.000000 1 0.000000 0.000000 0.000000
3 1708943694 0.000000 1 0.000000 0.000000 0.000000
4 1708943694 0.000000 1 0.000000 0.000000 0.000000
1 1708943695 10.000000 1 10.000000 10.000000 10.000000
2 1708943695 0.000000 1 0.000000 0.000000 0.000000
3 1708943695 0.000000 1 0.000000 0.000000 0.000000
4 1708943695 0.000000 1 0.000000 0.000000 0.000000
1 1708943696 10.000000 1 10.000000 10.000000 10.000000
2 1708943696 0.000000 1 0.000000 0.000000 0.000000
3 1708943696 0.000000 1 0.000000 0.000000 0.000000
4 1708943696 0.000000 1 0.000000 0.000000 0.000000
1 1708943697 10.000000 1 10.000000 10.000000 10.000000
2 1708943697 0.000000 1 0.000000 0.000000 0.000000
3 1708943697 0.000000 1 0.000000 0.000000 0.000000
4 1708943697 0.000000 1 0.000000 0.000000 0.000000
1 1708943698 10.000000 1 10.000000 10.000000 10.000000
2 1708943698 0.000000 1 0.000000 0.000000 0.000000
3 1708943698 0.000000 1 0.000000 0.000000 0.000000
4 1708943698 0.000000 1 0.000000 0.000000 0.000000
1 1708943699 10.000000 1 10.000000 10.000000 10.000000
2 1708943699 0.000000 1 0.000000 0.000000 0.000000
3 1708943699 0.000000 1 0.000000 0.000000 0.000000
4 1708943699 0.000000 1 0.000000 0.000000 0.000000
1 1708943700 10.000000 1 10.000000 10.000000 10.000000
2 1708943700 0.000000 1 0.000000 0.000000 0.000000
3 1708943700 0.000000 1 0.000000 0.000000 0.000000
4 1708943700 0.000000 1 0.000000 0.000000 0.000000
1 1708943701 10.000000 1 10.000000 10.000000 10.000000
2 1708943701 0.000000 1 0.000000 0.000000 0.000000
3 1708943701 0.000000 1 0.000000 0.000000 0.000000
4 1708943701 0.000000 1 0.000000 0.000000 0.000000
1 1708943702 10.000000 1 10.000000 10.000000 10.000000
2 1708943702 0.000000 1 0.000000 0.000000 0.000000
3 1708943702 0.000000 1 0.000000 0.000000 0.000000
4 1708943702 0.000000 1 0.000000 0.000000 0.000000
1 1708943703 10.000000 1 10.000000 10.000000 10.000000
2 1708943703 0.000000 1 0.000000 0.000000 0.000000
3 1708943703 0.000000 1 0.000000 0.000000 0.000000
4 1708943703 0.000000 1 0.000000 0.000000 0.000000
1 1708943704 10.000000 1 10.000000 10.000000 10.000000
2 1708943704 0.000000 1 0.000000 0.000000 0.000000
3 1708943704 0.000000 1 0.000000 0.000000 0.000000
4 1708943704 0.000000 1 0.000000 0.000000 0.000000
1 1708943705 10.000000 1 10.000000 10.000000 10.000000
2 1708943705 0.000000 1 0.000000 0.000000 0.000000
3 1708943705 0.000000 1 0.000000 0.000000 0.000000
4 1708943705 0.000000 1 0.000000 0.000000 0.000000
1 1708943706 10.000000 1 10.000000 10.000000 10.000000
2 1708943706 0.000000 1 0.000000 0.000000 0.000000
3 1708943706 0.000000 1 0.000000 0.000000 0.000000
4 1708943706 0.000000 1 0.000000 0.000000 0.000000
1 1708943707 10.000000 1 10.000000 10.000000 10.000000
2 1708943707 0.000000 1 0.000000 0.000000 0.000000
3 1708943707 0.000000 1 0.000000 0.000000 0.000000
4 1708943707 0.000000 1 0.000000 0.000000 0.000000
1 1708943708 10.000000 1 10.000000 10.000000 10.000000
2 1708943708 0.000000 1 0.000000 0.000000 0.000000
3 1708943708 0.000000 1 0.000000 0.000000 0.000000
4 1708943708 0.000000 1 0.000000 0.000000 0.000000
1 1708943709 10.000000 1 10.000000 10.000000 10.000000
2 1708943709 0.000000 1 0.000000 0.000000 0.000000
3 1708943709 0.000000 1 0.000000 0.000000 0.000000
4 1708943709 0.000000 1 0.000000 0.000000 0.000000
1 1708943710 10.000000 1 10.000000 10.000000 10.000000
2 1708943710 0.000000 1 0.000000 0.000000 0.000000
3 1708943710 0.000000 1 0.000000 0.000000 0.000000
4 1708943710 0.000000 1 0.000000 0.000000 0.000000
1 1708943711 10.000000 1 10.000000 10.000000 10.000000
2 1708943711 0.000000 1 0.000000 0.000000 0.000000
3 1708943711 0.000000 1 0.000000 0.000000 0.000000
4 1708943711 0.000000 1 0.000000 0.000000 0.000000
1 1708943712 10.000000 1 10.000000 10.000000 10.000000
2 1708943712 0.000000 1 0.000000 0.000000 0.000000
3 1708943712 0.000000 1 0.000000 0.000000 0.000000
4 1708943712 0.000000 1 0.000000 0.000000 0.000000
1 1708943713 10.000000 1 10.000000 10.000000 10.000000
2 1708943713 0.000000 1 0.000000 0.000000 0.000000
3 1708943713 0.000000 1 0.000000 0.000000 0.000000
4 1708943713 0.000000 1 0.000000 0.000000 0.000000
1 1708943714 10.000000 1 10.000000 10.000000 10.000000
2 1708943714 0.000000 1 0.000000 0.000000 0.000000
3 1708943714 0.000000 1 0.000000 0.000000 0.000000
4 1708943714 0.000000 1 0.000000 0.000000 0.000000
1 1708943715 10.000000 1 10.000000 10.000000 10.000000
2 1708943715 0.000000 1 0.000000 0.000000 0.000000
3 1708943715 0.000000 1 0.000000 0.000000 0.000000
4 1708943715 0.000000 1 0.000000 0.000000 0.000000
1 1708943716 10.000000 1 10.000000 10.000000 10.000000
2 1708943716 0.000000 1 0.000000 0.000000 0.000000
3 1708943716 0.000000 1 0.000000 0.000000 0.000000
4 1708943716 0.000000 1 0.000000 0.000000 0.000000
1 1708943717 10.000000 1 10.000000 10.000000 10.000000
2 1708943717 0.000000 1 0.000000 0.000000 0.000000
3 1708943717 0.000000 1 0.000000 0.000000 0.000000
4 1708943717 0.000000 1 0.000000 0.000000 0.000000
1 1708943718 10.000000 1 10.000000 10.000000 10.000000
2 1708943718 0.000000 1 0.000000 0.000000 0.000000
3 1708943718 0.000000 1 0.000000 0.000000 0.000000
4 1708943718 0.000000 1 0.000000 0.000000 0.000000
1 1708943719 10.000000 1 10.000000 10.000000 10.000000
2 1708943719 0.000000 1 0.000000 0.000000 0.000000
3 1708943719 0.000000 1 0.000000 0.000000 0.000000
4 1708943719 0.000000 1 0.000000 0.000000 0.000000
1 1708943720 10.000000 1 10.000000 10.000000 10.000000
2 1708943720 0.000000 1 0.000000 0.000000 0.000000
3 1708943720 0.000000 1 0.000000 0.000000 0.000000
4 1708943720 0.000000 1 0.000000 0.000000 0.000000
1 1708943721 9.000000 1 9.000000 9.000000 9.000000
2 1708943721 0.000000 1 0.000000 0.000000 0.000000
3 1708943721 1.000000 1 1.000000 1.000000 1.000000
4 1708943721 0.000000 1 0.000000 0.000000 0.000000
1 1708943722 9.000000 1 9.000000 9.000000 9.000000
2 1708943722 0.000000 1 0.000000 0.000000 0.000000
3 1708943722 1.000000 1 1.000000 1.000000 1.000000
4 1708943722 0.000000 1 0.000000 0.000000 0.000000
1 1708943723 9.000000 1 9.000000 9.000000 9.000000
2 1708943723 0.000000 1 0.000000 0.000000 0.000000
3 1708943723 1.000000 1 1.000000 1.000000 1.000000
4 1708943723 0.000000 1 0.000000 0.000000 0.000000
1 1708943724 9.000000 1 9.000000 9.000000 9.000000
2 1708943724 0.000000 1 0.000000 0.000000 0.000000
3 1708943724 1.000000 1 1.000000 1.000000 1.000000
4 1708943724 0.000000 1 0.000000 0.000000 0.000000
1 1708943725 9.000000 1 9.000000 9.000000 9.000000
2 1708943725 0.000000 1 0.000000 0.000000 0.000000
3 1708943725 1.000000 1 1.000000 1.000000 1.000000
4 1708943725 0.000000 1 0.000000 0.000000 0.000000
1 1708943726 9.000000 1 9.000000 9.000000 9.000000
2 1708943726 0.000000 1 0.000000 0.000000 0.000000
3 1708943726 1.000000 1 1.000000 1.000000 1.000000
4 1708943726 0.000000 1 0.000000 0.000000 0.000000
1 1708943727 9.000000 1 9.000000 9.000000 9.000000
2 1708943727 0.000000 1 0.000000 0.000000 0.000000
3 1708943727 1.000000 1 1.000000 1.000000 1.000000
4 1708943727 0.000000 1 0.000000 0.000000 0.000000
1 1708943728 9.000000 1 9.000000 9.000000 9.000000
2 1708943728 0.000000 1 0.000000 0.000000 0.000000
3 1708943728 1.000000 1 1.000000 1.000000 1.000000
4 1708943728 0.000000 1 0.000000 0.000000 0.000000
1 1708943729 9.000000 1 9.000000 9.000000 9.000000
2 1708943729 0.000000 1 0.000000 0.000000 0.000000
3 1708943729 1.000000 1 1.000000 1.000000 1.000000
4 1708943729 0.000000 1 0.000000 0.000000 0.000000
1 1708943730 9.000000 1 9.000000 9.000000 9.000000
2 1708943730 0.000000 1 0.000000 0.000000 0.000000
3 1708943730 1.000000 1 1.000000 1.000000 1.000000
4 1708943730 0.000000 1 0.000000 0.000000 0.000000
1 1708943731 9.000000 1 9.000000 9.000000 9.000000
2 1708943731 0.000000 1 0.000000 0.000000 0.000000
3 1708943731 1.000000 1 1.000000 1.000000 1.000000
4 1708943731 0.000000 1 0.000000 0.000000 0.000000
1 1708943732 9.000000 1 9.000000 9.000000 9.000000
2 1708943732 0.000000 1 0.000000 0.000000 0.000000
3 1708943732 1.000000 1 1.000000 1.000000 1.000000
4 1708943732 0.000000 1 0.000000 0.000000 0.000000
1 1708943733 9.000000 1 9.000000 9.000000 9.000000
2 1708943733 0.000000 1 0.000000 0.000000 0.000000
3 1708943733 1.000000 1 1.000000 1.000000 1.000000
4 1708943733 0.000000 1 0.000000 0.000000 0.000000
1 1708943734 9.000000 1 9.000000 9.000000 9.000000
2 1708943734 0.000000 1 0.000000 0.000000 0.000000
3 1708943734 1.000000 1 1.000000 1.000000 1.000000
4 1708943734 0.000000 1 0.000000 0.000000 0.000000
1 1708943735 8.000000 1 8.000000 8.000000 8.000000
2 1708943735 0.000000 1 0.000000 0.000000 0.000000
3 1708943735 2.000000 1 2.000000 2.000000 2.000000
4 1708943735 0.000000 1 0.000000 0.000000 0.000000
1 1708943736 8.000000 1 8.000000 8.000000 8.000000
2 1708943736 0.000000 1 0.000000 0.000000 0.000000
3 1708943736 2.000000 1 2.000000 2.000000 2.000000
4 1708943736 0.000000 1 0.000000 0.000000 0.000000
1 1708943737 8.000000 1 8.000000 8.000000 8.000000
2 1708943737 0.000000 1 0.000000 0.000000 0.000000
3 1708943737 2.000000 1 2.000000 2.000000 2.000000
4 1708943737 0.000000 1 0.000000 0.000000 0.000000
1 1708943738 8.000000 1 8.000000 8.000000 8.000000
2 1708943738 0.000000 1 0.000000 0.000000 0.000000
3 1708943738 2.000000 1 2.000000 2.000000 2.000000
4 1708943738 0.000000 1 0.000000 0.000000 0.000000
1 1708943739 8.000000 1 8.000000 8.000000 8.000000
2 1708943739 0.000000 1 0.000000 0.000000 0.000000
3 1708943739 2.000000 1 2.000000 2.000000 2.000000
4 1708943739 0.000000 1 0.000000 0.000000 0.000000
1 1708943740 8.000000 1 8.000000 8.000000 8.000000
2 1708943740 0.000000 1 0.000000 0.000000 0.000000
3 1708943740 2.000000 1 2.000000 2.000000 2.000000
4 1708943740 0.000000 1 0.000000 0.000000 0.000000
1 1708943741 8.000000 1 8.000000 8.000000 8.000000
2 1708943741 0.000000 1 0.000000 0.000000 0.000000
3 1708943741 2.000000 1 2.000000 2.000000 2.000000
4 1708943741 0.000000 1 0.000000 0.000000 0.000000
1 1708943742 8.000000 1 8.000000 8.000000 8.000000
2 1708943742 0.000000 1 0.000000 0.000000 0.000000
3 1708943742 2.000000 1 2.000000 2.000000 2.000000
4 1708943742 0.000000 1 0.000000 0.000000 0.000000
1 1708943743 8.000000 1 8.000000 8.000000 8.000000
2 1708943743 0.000000 1 0.000000 0.000000 0.000000
3 1708943743 2.000000 1 2.000000 2.000000 2.000000
4 1708943743 0.000000 1 0.000000 0.000000 0.000000
1 1708943744 8.000000 1 8.000000 8.000000 8.000000
2 1708943744 0.000000 1 0.000000 0.000000 0.000000
3 1708943744 2.000000 1 2.000000 2.000000 2.000000
4 1708943744 0.000000 1 0.000000 0.000000 0.000000
1 1708943745 8.000000 1 8.000000 8.000000 8.000000
2 1708943745 0.000000 1 0.000000 0.000000 0.000000
3 1708943745 2.000000 1 2.000000 2.000000 2.000000
4 1708943745 0.000000 1 0.000000 0.000000 0.000000
1 1708943746 8.000000 1 8.000000 8.000000 8.000000
2 1708943746 0.000000 1 0.000000 0.000000 0.000000
3 1708943746 2.000000 1 2.000000 2.000000 2.000000
4 1708943746 0.000000 1 0.000000 0.000000 0.000000
1 1708943747 8.000000 1 8.000000 8.000000 8.000000
2 1708943747 0.000000 1 0.000000 0.000000 0.000000
3 1708943747 2.000000 1 2.000000 2.000000 2.000000
4 1708943747 0.000000 1 0.000000 0.000000 0.000000
1 1708943748 8.000000 1 8.000000 8.000000 8.000000
2 1708943748 0.000000 1 0.000000 0.000000 0.000000
3 1708943748 2.000000 1 2.000000 2.000000 2.000000
4 1708943748 0.000000 1 0.000000 0.000000 0.000000
1 1708943749 8.000000 1 8.000000 8.000000 8.000000
2 1708943749 0.000000 1 0.000000 0.000000 0.000000
3 1708943749 2.000000 1 2.000000 2.000000 2.000000
4 1708943749 0.000000 1 0.000000 0.000000 0.000000
1 1708943750 8.000000 1 8.000000 8.000000 8.000000
2 1708943750 0.000000 1 0.000000 0.000000 0.000000
3 1708943750 2.000000 1 2.000000 2.000000 2.000000
4 1708943750 0.000000 1 0.000000 0.000000 0.000000
1 1708943751 8.000000 1 8.000000 8.000000 8.000000
2 1708943751 0.000000 1 0.000000 0.000000 0.000000
3 1708943751 2.000000 1 2.000000 2.000000 2.000000
4 1708943751 0.000000 1 0.000000 0.000000 0.000000
1 1708943752 8.000000 1 8.000000 8.000000 8.000000
2 1708943752 0.000000 1 0.000000 0.000000 0.000000
3 1708943752 2.000000 1 2.000000 2.000000 2.000000
4 1708943752 0.000000 1 0.000000 0.000000 0.000000
1 1708943753 8.000000 1 8.000000 8.000000 8.000000
2 1708943753 0.000000 1 0.000000 0.000000 0.000000
3 1708943753 2.000000 1 2.000000 2.000000 2.000000
4 1708943753 0.000000 1 0.000000 0.000000 0.000000
1 1708943754 7.000000 1 7.000000 7.000000 7.000000
2 1708943754 0.000000 1 0.000000 0.000000 0.000000
3 1708943754 3.000000 1 3.000000 3.000000 3.000000
4 1708943754 0.000000 1 0.000000 0.000000 0.000000
1 1708943755 7.000000 1 7.000000 7.000000 7.000000
2 1708943755 0.000000 1 0.000000 0.000000 0.000000
3 1708943755 3.000000 1 3.000000 3.000000 3.000000
4 1708943755 0.000000 1 0.000000 0.000000 0.000000
1 1708943757 7.000000 1 7.000000 7.000000 7.000000
2 1708943757 0.000000 1 0.000000 0.000000 0.000000
3 1708943757 3.000000 1 3.000000 3.000000 3.000000
4 1708943757 0.000000 1 0.000000 0.000000 0.000000
1 1708943758 7.000000 1 7.000000 7.000000 7.000000
2 1708943758 0.000000 1 0.000000 0.000000 0.000000
3 1708943758 3.000000 1 3.000000 3.000000 3.000000
4 1708943758 0.000000 1 0.000000 0.000000 0.000000
1 1708943759 7.000000 1 7.000000 7.000000 7.000000
2 1708943759 0.000000 1 0.000000 0.000000 0.000000
3 1708943759 3.000000 1 3.000000 3.000000 3.000000
4 1708943759 0.000000 1 0.000000 0.000000 0.000000
1 1708943760 7.000000 1 7.000000 7.000000 7.000000
2 1708943760 0.000000 1 0.000000 0.000000 0.000000
3 1708943760 3.000000 1 3.000000 3.000000 3.000000
4 1708943760 0.000000 1 0.000000 0.000000 0.000000
1 1708943761 7.000000 1 7.000000 7.000000 7.000000
2 1708943761 0.000000 1 0.000000 0.000000 0.000000
3 1708943761 3.000000 1 3.000000 3.000000 3.000000
4 1708943761 0.000000 1 0.000000 0.000000 0.000000
1 1708943762 7.000000 1 7.000000 7.000000 7.000000
2 1708943762 0.000000 1 0.000000 0.000000 0.000000
3 1708943762 3.000000 1 3.000000 3.000000 3.000000
4 1708943762 0.000000 1 0.000000 0.000000 0.000000
1 1708943763 7.000000 1 7.000000 7.000000 7.000000
2 1708943763 0.000000 1 0.000000 0.000000 0.000000
3 1708943763 3.000000 1 3.000000 3.000000 3.000000
4 1708943763 0.000000 1 0.000000 0.000000 0.000000
1 1708943764 7.000000 1 7.000000 7.000000 7.000000
2 1708943764 0.000000 1 0.000000 0.000000 0.000000
3 1708943764 3.000000 1 3.000000 3.000000 3.000000
4 1708943764 0.000000 1 0.000000 0.000000 0.000000
1 1708943765 7.000000 1 7.000000 7.000000 7.000000
2 1708943765 0.000000 1 0.000000 0.000000 0.000000
3 1708943765 3.000000 1 3.000000 3.000000 3.000000
4 1708943765 0.000000 1 0.000000 0.000000 0.000000
1 1708943766 7.000000 1 7.000000 7.000000 7.000000
2 1708943766 0.000000 1 0.000000 0.000000 0.000000
3 1708943766 3.000000 1 3.000000 3.000000 3.000000
4 1708943766 0.000000 1 0.000000 0.000000 0.000000
1 1708943767 7.000000 1 7.000000 7.000000 7.000000
2 1708943767 0.000000 1 0.000000 0.000000 0.000000
3 1708943767 3.000000 1 3.000000 3.000000 3.000000
4 1708943767 0.000000 1 0.000000 0.000000 0.000000
1 1708943768 6.000000 1 6.000000 6.000000 6.000000
2 1708943768 0.000000 1 0.000000 0.000000 0.000000
3 1708943768 4.000000 1 4.000000 4.000000 4.000000
4 1708943768 0.000000 1 0.000000 0.000000 0.000000
1 1708943769 6.000000 1 6.000000 6.000000 6.000000
2 1708943769 0.000000 1 0.000000 0.000000 0.000000
3 1708943769 4.000000 1 4.000000 4.000000 4.000000
4 1708943769 0.000000 1 0.000000 0.000000 0.000000
1 1708943770 6.000000 1 6.000000 6.000000 6.000000
2 1708943770 0.000000 1 0.000000 0.000000 0.000000
3 1708943770 4.000000 1 4.000000 4.000000 4.000000
4 1708943770 0.000000 1 0.000000 0.000000 0.000000
1 1708943771 6.000000 1 6.000000 6.000000 6.000000
2 1708943771 0.000000 1 0.000000 0.000000 0.000000
3 1708943771 4.000000 1 4.000000 4.000000 4.000000
4 1708943771 0.000000 1 0.000000 0.000000 0.000000
1 1708943772 6.000000 1 6.000000 6.000000 6.000000
2 1708943772 0.000000 1 0.000000 0.000000 0.000000
3 1708943772 4.000000 1 4.000000 4.000000 4.000000
4 1708943772 0.000000 1 0.000000 0.000000 0.000000
1 1708943773 6.000000 1 6.000000 6.000000 6.000000
2 1708943773 0.000000 1 0.000000 0.000000 0.000000
3 1708943773 4.000000 1 4.000000 4.000000 4.000000
4 1708943773 0.000000 1 0.000000 0.000000 0.000000
1 1708943774 6.000000 1 6.000000 6.000000 6.000000
2 1708943774 0.000000 1 0.000000 0.000000 0.000000
3 1708943774 4.000000 1 4.000000 4.000000 4.000000
4 1708943774 0.000000 1 0.000000 0.000000 0.000000
1 1708943775 6.000000 1 6.000000 6.000000 6.000000
2 1708943775 0.000000 1 0.000000 0.000000 0.000000
3 1708943775 4.000000 1 4.000000 4.000000 4.000000
4 1708943775 0.000000 1 0.000000 0.000000 0.000000
1 1708943776 6.000000 1 6.000000 6.000000 6.000000
2 1708943776 0.000000 1 0.000000 0.000000 0.000000
3 1708943776 4.000000 1 4.000000 4.000000 4.000000
4 1708943776 0.000000 1 0.000000 0.000000 0.000000
1 1708943777 6.000000 1 6.000000 6.000000 6.000000
2 1708943777 0.000000 1 0.000000 0.000000 0.000000
3 1708943777 4.000000 1 4.000000 4.000000 4.000000
4 1708943777 0.000000 1 0.000000 0.000000 0.000000
1 1708943778 6.000000 1 6.000000 6.000000 6.000000
2 1708943778 0.000000 1 0.000000 0.000000 0.000000
3 1708943778 4.000000 1 4.000000 4.000000 4.000000
4 1708943778 0.000000 1 0.000000 0.000000 0.000000
1 1708943779 6.000000 1 6.000000 6.000000 6.000000
2 1708943779 0.000000 1 0.000000 0.000000 0.000000
3 1708943779 4.000000 1 4.000000 4.000000 4.000000
4 1708943779 0.000000 1 0.000000 0.000000 0.000000
1 1708943780 6.000000 1 6.000000 6.000000 6.000000
2 1708943780 0.000000 1 0.000000 0.000000 0.000000
3 1708943780 4.000000 1 4.000000 4.000000 4.000000
4 1708943780 0.000000 1 0.000000 0.000000 0.000000
1 1708943781 5.000000 1 5.000000 5.000000 5.000000
2 1708943781 0.000000 1 0.000000 0.000000 0.000000
3 1708943781 5.000000 1 5.000000 5.000000 5.000000
4 1708943781 0.000000 1 0.000000 0.000000 0.000000
1 1708943782 5.000000 1 5.000000 5.000000 5.000000
2 1708943782 0.000000 1 0.000000 0.000000 0.000000
3 1708943782 5.000000 1 5.000000 5.000000 5.000000
4 1708943782 0.000000 1 0.000000 0.000000 0.000000
1 1708943783 5.000000 1 5.000000 5.000000 5.000000
2 1708943783 0.000000 1 0.000000 0.000000 0.000000
3 1708943783 5.000000 1 5.000000 5.000000 5.000000
4 1708943783 0.000000 1 0.000000 0.000000 0.000000
1 1708943784 5.000000 1 5.000000 5.000000 5.000000
2 1708943784 0.000000 1 0.000000 0.000000 0.000000
3 1708943784 5.000000 1 5.000000 5.000000 5.000000
4 1708943784 0.000000 1 0.000000 0.000000 0.000000
1 1708943785 5.000000 1 5.000000 5.000000 5.000000
2 1708943785 0.000000 1 0.000000 0.000000 0.000000
3 1708943785 5.000000 1 5.000000 5.000000 5.000000
4 1708943785 0.000000 1 0.000000 0.000000 0.000000
1 1708943786 5.000000 1 5.000000 5.000000 5.000000
2 1708943786 0.000000 1 0.000000 0.000000 0.000000
3 1708943786 5.000000 1 5.000000 5.000000 5.000000
4 1708943786 0.000000 1 0.000000 0.000000 0.000000
1 1708943787 5.000000 1 5.000000 5.000000 5.000000
2 1708943787 0.000000 1 0.000000 0.000000 0.000000
3 1708943787 5.000000 1 5.000000 5.000000 5.000000
4 1708943787 0.000000 1 0.000000 0.000000 0.000000
1 1708943788 5.000000 1 5.000000 5.000000 5.000000
2 1708943788 0.000000 1 0.000000 0.000000 0.000000
3 1708943788 5.000000 1 5.000000 5.000000 5.000000
4 1708943788 0.000000 1 0.000000 0.000000 0.000000
1 1708943789 5.000000 1 5.000000 5.000000 5.000000
2 1708943789 0.000000 1 0.000000 0.000000 0.000000
3 1708943789 5.000000 1 5.000000 5.000000 5.000000
4 1708943789 0.000000 1 0.000000 0.000000 0.000000
1 1708943790 5.000000 1 5.000000 5.000000 5.000000
2 1708943790 0.000000 1 0.000000 0.000000 0.000000
3 1708943790 5.000000 1 5.000000 5.000000 5.000000
4 1708943790 0.000000 1 0.000000 0.000000 0.000000
1 1708943791 5.000000 1 5.000000 5.000000 5.000000
2 1708943791 0.000000 1 0.000000 0.000000 0.000000
3 1708943791 5.000000 1 5.000000 5.000000 5.000000
4 1708943791 0.000000 1 0.000000 0.000000 0.000000
1 1708943792 5.000000 1 5.000000 5.000000 5.000000
2 1708943792 0.000000 1 0.000000 0.000000 0.000000
3 1708943792 5.000000 1 5.000000 5.000000 5.000000
4 1708943792 0.000000 1 0.000000 0.000000 0.000000
1 1708943793 5.000000 1 5.000000 5.000000 5.000000
2 1708943793 0.000000 1 0.000000 0.000000 0.000000
3 1708943793 5.000000 1 5.000000 5.000000 5.000000
4 1708943793 0.000000 1 0.000000 0.000000 0.000000
1 1708943794 5.000000 1 5.000000 5.000000 5.000000
2 1708943794 0.000000 1 0.000000 0.000000 0.000000
3 1708943794 5.000000 1 5.000000 5.000000 5.000000
4 1708943794 0.000000 1 0.000000 0.000000 0.000000
1 1708943795 5.000000 1 5.000000 5.000000 5.000000
2 1708943795 0.000000 1 0.000000 0.000000 0.000000
3 1708943795 5.000000 1 5.000000 5.000000 5.000000
4 1708943795 0.000000 1 0.000000 0.000000 0.000000
1 1708943796 4.000000 1 4.000000 4.000000 4.000000
2 1708943796 0.000000 1 0.000000 0.000000 0.000000
3 1708943796 6.000000 1 6.000000 6.000000 6.000000
4 1708943796 0.000000 1 0.000000 0.000000 0.000000
1 1708943797 4.000000 1 4.000000 4.000000 4.000000
2 1708943797 0.000000 1 0.000000 0.000000 0.000000
3 1708943797 6.000000 1 6.000000 6.000000 6.000000
4 1708943797 0.000000 1 0.000000 0.000000 0.000000
1 1708943798 4.000000 1 4.000000 4.000000 4.000000
2 1708943798 0.000000 1 0.000000 0.000000 0.000000
3 1708943798 6.000000 1 6.000000 6.000000 6.000000
4 1708943798 0.000000 1 0.000000 0.000000 0.000000
1 1708943799 4.000000 1 4.000000 4.000000 4.000000
2 1708943799 0.000000 1 0.000000 0.000000 0.000000
3 1708943799 6.000000 1 6.000000 6.000000 6.000000
4 1708943799 0.000000 1 0.000000 0.000000 0.000000
1 1708943800 4.000000 1 4.000000 4.000000 4.000000
2 1708943800 0.000000 1 0.000000 0.000000 0.000000
3 1708943800 6.000000 1 6.000000 6.000000 6.000000
4 1708943800 0.000000 1 0.000000 0.000000 0.000000
1 1708943801 4.000000 1 4.000000 4.000000 4.000000
2 1708943801 0.000000 1 0.000000 0.000000 0.000000
3 1708943801 6.000000 1 6.000000 6.000000 6.000000
4 1708943801 0.000000 1 0.000000 0.000000 0.000000
1 1708943802 4.000000 1 4.000000 4.000000 4.000000
2 1708943802 0.000000 1 0.000000 0.000000 0.000000
3 1708943802 6.000000 1 6.000000 6.000000 6.000000
4 1708943802 0.000000 1 0.000000 0.000000 0.000000
1 1708943803 4.000000 1 4.000000 4.000000 4.000000
2 1708943803 0.000000 1 0.000000 0.000000 0.000000
3 1708943803 6.000000 1 6.000000 6.000000 6.000000
4 1708943803 0.000000 1 0.000000 0.000000 0.000000
1 1708943804 4.000000 1 4.000000 4.000000 4.000000
2 1708943804 0.000000 1 0.000000 0.000000 0.000000
3 1708943804 6.000000 1 6.000000 6.000000 6.000000
4 1708943804 0.000000 1 0.000000 0.000000 0.000000
1 1708943805 4.000000 1 4.000000 4.000000 4.000000
2 1708943805 0.000000 1 0.000000 0.000000 0.000000
3 1708943805 6.000000 1 6.000000 6.000000 6.000000
4 1708943805 0.000000 1 0.000000 0.000000 0.000000
1 1708943806 4.000000 1 4.000000 4.000000 4.000000
2 1708943806 0.000000 1 0.000000 0.000000 0.000000
3 1708943806 6.000000 1 6.000000 6.000000 6.000000
4 1708943806 0.000000 1 0.000000 0.000000 0.000000
1 1708943807 4.000000 1 4.000000 4.000000 4.000000
2 1708943807 0.000000 1 0.000000 0.000000 0.000000
3 1708943807 6.000000 1 6.000000 6.000000 6.000000
4 1708943807 0.000000 1 0.000000 0.000000 0.000000
1 1708943808 4.000000 1 4.000000 4.000000 4.000000
2 1708943808 0.000000 1 0.000000 0.000000 0.000000
3 1708943808 6.000000 1 6.000000 6.000000 6.000000
4 1708943808 0.000000 1 0.000000 0.000000 0.000000
1 1708943809 4.000000 1 4.000000 4.000000 4.000000
2 1708943809 0.000000 1 0.000000 0.000000 0.000000
3 1708943809 6.000000 1 6.000000 6.000000 6.000000
4 1708943809 0.000000 1 0.000000 0.000000 0.000000
1 1708943810 4.000000 1 4.000000 4.000000 4.000000
2 1708943810 0.000000 1 0.000000 0.000000 0.000000
3 1708943810 6.000000 1 6.000000 6.000000 6.000000
4 1708943810 0.000000 1 0.000000 0.000000 0.000000
1 1708943811 4.000000 1 4.000000 4.000000 4.000000
2 1708943811 0.000000 1 0.000000 0.000000 0.000000
3 1708943811 6.000000 1 6.000000 6.000000 6.000000
4 1708943811 0.000000 1 0.000000 0.000000 0.000000
1 1708943812 4.000000 1 4.000000 4.000000 4.000000
2 1708943812 0.000000 1 0.000000 0.000000 0.000000
3 1708943812 6.000000 1 6.000000 6.000000 6.000000
4 1708943812 0.000000 1 0.000000 0.000000 0.000000
1 1708943813 4.000000 1 4.000000 4.000000 4.000000
2 1708943813 0.000000 1 0.000000 0.000000 0.000000
3 1708943813 6.000000 1 6.000000 6.000000 6.000000
4 1708943813 0.000000 1 0.000000 0.000000 0.000000
1 1708943814 3.000000 1 3.000000 3.000000 3.000000
2 1708943814 0.000000 1 0.000000 0.000000 0.000000
3 1708943814 7.000000 1 7.000000 7.000000 7.000000
4 1708943814 0.000000 1 0.000000 0.000000 0.000000
1 1708943815 3.000000 1 3.000000 3.000000 3.000000
2 1708943815 0.000000 1 0.000000 0.000000 0.000000
3 1708943815 7.000000 1 7.000000 7.000000 7.000000
4 1708943815 0.000000 1 0.000000 0.000000 0.000000
1 1708943816 3.000000 1 3.000000 3.000000 3.000000
2 1708943816 0.000000 1 0.000000 0.000000 0.000000
3 1708943816 7.000000 1 7.000000 7.000000 7.000000
4 1708943816 0.000000 1 0.000000 0.000000 0.000000
1 1708943817 3.000000 1 3.000000 3.000000 3.000000
2 1708943817 0.000000 1 0.000000 0.000000 0.000000
3 1708943817 7.000000 1 7.000000 7.000000 7.000000
4 1708943817 0.000000 1 0.000000 0.000000 0.000000
1 1708943818 3.000000 1 3.000000 3.000000 3.000000
2 1708943818 0.000000 1 0.000000 0.000000 0.000000
3 1708943818 7.000000 1 7.000000 7.000000 7.000000
4 1708943818 0.000000 1 0.000000 0.000000 0.000000
1 1708943819 3.000000 1 3.000000 3.000000 3.000000
2 1708943819 0.000000 1 0.000000 0.000000 0.000000
3 1708943819 7.000000 1 7.000000 7.000000 7.000000
4 1708943819 0.000000 1 0.000000 0.000000 0.000000
1 1708943820 3.000000 1 3.000000 3.000000 3.000000
2 1708943820 0.000000 1 0.000000 0.000000 0.000000
3 1708943820 7.000000 1 7.000000 7.000000 7.000000
4 1708943820 0.000000 1 0.000000 0.000000 0.000000
1 1708943822 3.000000 1 3.000000 3.000000 3.000000
2 1708943822 0.000000 1 0.000000 0.000000 0.000000
3 1708943822 7.000000 1 7.000000 7.000000 7.000000
4 1708943822 0.000000 1 0.000000 0.000000 0.000000
1 1708943823 3.000000 1 3.000000 3.000000 3.000000
2 1708943823 0.000000 1 0.000000 0.000000 0.000000
3 1708943823 7.000000 1 7.000000 7.000000 7.000000
4 1708943823 0.000000 1 0.000000 0.000000 0.000000
1 1708943824 3.000000 1 3.000000 3.000000 3.000000
2 1708943824 0.000000 1 0.000000 0.000000 0.000000
3 1708943824 7.000000 1 7.000000 7.000000 7.000000
4 1708943824 0.000000 1 0.000000 0.000000 0.000000
1 1708943825 3.000000 1 3.000000 3.000000 3.000000
2 1708943825 0.000000 1 0.000000 0.000000 0.000000
3 1708943825 7.000000 1 7.000000 7.000000 7.000000
4 1708943825 0.000000 1 0.000000 0.000000 0.000000
1 1708943826 3.000000 1 3.000000 3.000000 3.000000
2 1708943826 0.000000 1 0.000000 0.000000 0.000000
3 1708943826 7.000000 1 7.000000 7.000000 7.000000
4 1708943826 0.000000 1 0.000000 0.000000 0.000000
1 1708943827 3.000000 1 3.000000 3.000000 3.000000
2 1708943827 0.000000 1 0.000000 0.000000 0.000000
3 1708943827 7.000000 1 7.000000 7.000000 7.000000
4 1708943827 0.000000 1 0.000000 0.000000 0.000000
1 1708943828 3.000000 1 3.000000 3.000000 3.000000
2 1708943828 0.000000 1 0.000000 0.000000 0.000000
3 1708943828 7.000000 1 7.000000 7.000000 7.000000
4 1708943828 0.000000 1 0.000000 0.000000 0.000000
1 1708943829 3.000000 1 3.000000 3.000000 3.000000
2 1708943829 0.000000 1 0.000000 0.000000 0.000000
3 1708943829 7.000000 1 7.000000 7.000000 7.000000
4 1708943829 0.000000 1 0.000000 0.000000 0.000000
1 1708943830 2.000000 1 2.000000 2.000000 2.000000
2 1708943830 0.000000 1 0.000000 0.000000 0.000000
3 1708943830 8.000000 1 8.000000 8.000000 8.000000
4 1708943830 0.000000 1 0.000000 0.000000 0.000000
1 1708943831 2.000000 1 2.000000 2.000000 2.000000
2 1708943831 0.000000 1 0.000000 0.000000 0.000000
3 1708943831 8.000000 1 8.000000 8.000000 8.000000
4 1708943831 0.000000 1 0.000000 0.000000 0.000000
1 1708943832 2.000000 1 2.000000 2.000000 2.000000
2 1708943832 0.000000 1 0.000000 0.000000 0.000000
3 1708943832 8.000000 1 8.000000 8.000000 8.000000
4 1708943832 0.000000 1 0.000000 0.000000 0.000000
1 1708943833 2.000000 1 2.000000 2.000000 2.000000
2 1708943833 0.000000 1 0.000000 0.000000 0.000000
3 1708943833 8.000000 1 8.000000 8.000000 8.000000
4 1708943833 0.000000 1 0.000000 0.000000 0.000000
1 1708943834 2.000000 1 2.000000 2.000000 2.000000
2 1708943834 0.000000 1 0.000000 0.000000 0.000000
3 1708943834 8.000000 1 8.000000 8.000000 8.000000
4 1708943834 0.000000 1 0.000000 0.000000 0.000000
1 1708943835 2.000000 1 2.000000 2.000000 2.000000
2 1708943835 0.000000 1 0.000000 0.000000 0.000000
3 1708943835 8.000000 1 8.000000 8.000000 8.000000
4 1708943835 0.000000 1 0.000000 0.000000 0.000000
1 1708943836 2.000000 1 2.000000 2.000000 2.000000
2 1708943836 0.000000 1 0.000000 0.000000 0.000000
3 1708943836 8.000000 1 8.000000 8.000000 8.000000
4 1708943836 0.000000 1 0.000000 0.000000 0.000000
1 1708943837 2.000000 1 2.000000 2.000000 2.000000
2 1708943837 0.000000 1 0.000000 0.000000 0.000000
3 1708943837 8.000000 1 8.000000 8.000000 8.000000
4 1708943837 0.000000 1 0.000000 0.000000 0.000000
1 1708943838 2.000000 1 2.000000 2.000000 2.000000
2 1708943838 0.000000 1 0.000000 0.000000 0.000000
3 1708943838 8.000000 1 8.000000 8.000000 8.000000
4 1708943838 0.000000 1 0.000000 0.000000 0.000000
1 1708943839 2.000000 1 2.000000 2.000000 2.000000
2 1708943839 0.000000 1 0.000000 0.000000 0.000000
3 1708943839 8.000000 1 8.000000 8.000000 8.000000
4 1708943839 0.000000 1 0.000000 0.000000 0.000000
1 1708943840 2.000000 1 2.000000 2.000000 2.000000
2 1708943840 0.000000 1 0.000000 0.000000 0.000000
3 1708943840 8.000000 1 8.000000 8.000000 8.000000
4 1708943840 0.000000 1 0.000000 0.000000 0.000000
1 1708943841 2.000000 1 2.000000 2.000000 2.000000
2 1708943841 0.000000 1 0.000000 0.000000 0.000000
3 1708943841 8.000000 1 8.000000 8.000000 8.000000
4 1708943841 0.000000 1 0.000000 0.000000 0.000000
1 1708943842 2.000000 1 2.000000 2.000000 2.000000
2 1708943842 0.000000 1 0.000000 0.000000 0.000000
3 1708943842 8.000000 1 8.000000 8.000000 8.000000
4 1708943842 0.000000 1 0.000000 0.000000 0.000000
1 1708943843 1.000000 1 1.000000 1.000000 1.000000
2 1708943843 0.000000 1 0.000000 0.000000 0.000000
3 1708943843 9.000000 1 9.000000 9.000000 9.000000
4 1708943843 0.000000 1 0.000000 0.000000 0.000000
1 1708943844 1.000000 1 1.000000 1.000000 1.000000
2 1708943844 0.000000 1 0.000000 0.000000 0.000000
3 1708943844 9.000000 1 9.000000 9.000000 9.000000
4 1708943844 0.000000 1 0.000000 0.000000 0.000000
1 1708943845 1.000000 1 1.000000 1.000000 1.000000
2 1708943845 0.000000 1 0.000000 0.000000 0.000000
3 1708943845 9.000000 1 9.000000 9.000000 9.000000
4 1708943845 0.000000 1 0.000000 0.000000 0.000000
1 1708943846 1.000000 1 1.000000 1.000000 1.000000
2 1708943846 0.000000 1 0.000000 0.000000 0.000000
3 1708943846 9.000000 1 9.000000 9.000000 9.000000
4 1708943846 0.000000 1 0.000000 0.000000 0.000000
1 1708943847 1.000000 1 1.000000 1.000000 1.000000
2 1708943847 0.000000 1 0.000000 0.000000 0.000000
3 1708943847 9.000000 1 9.000000 9.000000 9.000000
4 1708943847 0.000000 1 0.000000 0.000000 0.000000
1 1708943848 1.000000 1 1.000000 1.000000 1.000000
2 1708943848 0.000000 1 0.000000 0.000000 0.000000
3 1708943848 9.000000 1 9.000000 9.000000 9.000000
4 1708943848 0.000000 1 0.000000 0.000000 0.000000
1 1708943849 1.000000 1 1.000000 1.000000 1.000000
2 1708943849 0.000000 1 0.000000 0.000000 0.000000
3 1708943849 9.000000 1 9.000000 9.000000 9.000000
4 1708943849 0.000000 1 0.000000 0.000000 0.000000
1 1708943850 1.000000 1 1.000000 1.000000 1.000000
2 1708943850 0.000000 1 0.000000 0.000000 0.000000
3 1708943850 9.000000 1 9.000000 9.000000 9.000000
4 1708943850 0.000000 1 0.000000 0.000000 0.000000
1 1708943851 1.000000 1 1.000000 1.000000 1.000000
2 1708943851 0.000000 1 0.000000 0.000000 0.000000
3 1708943851 9.000000 1 9.000000 9.000000 9.000000
4 1708943851 0.000000 1 0.000000 0.000000 0.000000
1 1708943852 1.000000 1 1.000000 1.000000 1.000000
2 1708943852 0.000000 1 0.000000 0.000000 0.000000
3 1708943852 9.000000 1 9.000000 9.000000 9.000000
4 1708943852 0.000000 1 0.000000 0.000000 0.000000
1 1708943853 1.000000 1 1.000000 1.000000 1.000000
2 1708943853 0.000000 1 0.000000 0.000000 0.000000
3 1708943853 9.000000 1 9.000000 9.000000 9.000000
4 1708943853 0.000000 1 0.000000 0.000000 0.000000
1 1708943854 1.000000 1 1.000000 1.000000 1.000000
2 1708943854 0.000000 1 0.000000 0.000000 0.000000
3 1708943854 9.000000 1 9.000000 9.000000 9.000000
4 1708943854 0.000000 1 0.000000 0.000000 0.000000
1 1708943855 1.000000 1 1.000000 1.000000 1.000000
2 1708943855 0.000000 1 0.000000 0.000000 0.000000
3 1708943855 9.000000 1 9.000000 9.000000 9.000000
4 1708943855 0.000000 1 0.000000 0.000000 0.000000
1 1708943856 1.000000 1 1.000000 1.000000 1.000000
2 1708943856 0.000000 1 0.000000 0.000000 0.000000
3 1708943856 9.000000 1 9.000000 9.000000 9.000000
4 1708943856 0.000000 1 0.000000 0.000000 0.000000
1 1708943857 1.000000 1 1.000000 1.000000 1.000000
2 1708943857 0.000000 1 0.000000 0.000000 0.000000
3 1708943857 9.000000 1 9.000000 9.000000 9.000000
4 1708943857 0.000000 1 0.000000 0.000000 0.000000
1 1708943858 0.000000 1 0.000000 0.000000 0.000000
2 1708943858 0.000000 1 0.000000 0.000000 0.000000
3 1708943858 10.000000 1 10.000000 10.000000 10.000000
4 1708943858 0.000000 1 0.000000 0.000000 0.000000
