8 1708943402 1.000000 -1 1.000000 1.000000 1.000000
11 1708943402 1.000000 -1 1.000000 1.000000 1.000000
13 1708943402 2.000000 -1 2.000000 2.000000 2.000000
15 1708943402 1.000000 -1 1.000000 1.000000 1.000000
17 1708943402 1.000000 -1 1.000000 1.000000 1.000000
19 1708943402 1.000000 -1 1.000000 1.000000 1.000000
21 1708943402 1.000000 -1 1.000000 1.000000 1.000000
8 1708943407 1.000000 -1 1.000000 1.000000 1.000000
11 1708943407 1.000000 -1 1.000000 1.000000 1.000000
15 1708943407 1.000000 -1 1.000000 1.000000 1.000000
19 1708943407 1.000000 -1 1.000000 1.000000 1.000000
21 1708943407 1.000000 -1 1.000000 1.000000 1.000000
8 1708943412 1.000000 -1 1.000000 1.000000 1.000000
11 1708943412 1.000000 -1 1.000000 1.000000 1.000000
13 1708943412 1.000000 -1 1.000000 1.000000 1.000000
15 1708943412 1.000000 -1 1.000000 1.000000 1.000000
19 1708943412 1.000000 -1 1.000000 1.000000 1.000000
21 1708943412 1.000000 -1 1.000000 1.000000 1.000000
8 1708943417 1.000000 -1 1.000000 1.000000 1.000000
11 1708943417 1.000000 -1 1.000000 1.000000 1.000000
13 1708943417 2.000000 -1 2.000000 2.000000 2.000000
17 1708943417 1.000000 -1 1.000000 1.000000 1.000000
19 1708943417 1.000000 -1 1.000000 1.000000 1.000000
21 1708943417 1.000000 -1 1.000000 1.000000 1.000000
8 1708943422 1.000000 -1 1.000000 1.000000 1.000000
11 1708943422 2.000000 -1 2.000000 2.000000 2.000000
13 1708943422 1.000000 -1 1.000000 1.000000 1.000000
15 1708943422 2.000000 -1 2.000000 2.000000 2.000000
19 1708943422 1.000000 -1 1.000000 1.000000 1.000000
21 1708943422 2.000000 -1 2.000000 2.000000 2.000000
8 1708943427 2.000000 -1 2.000000 2.000000 2.000000
11 1708943427 1.000000 -1 1.000000 1.000000 1.000000
13 1708943427 1.000000 -1 1.000000 1.000000 1.000000
15 1708943427 1.000000 -1 1.000000 1.000000 1.000000
19 1708943427 2.000000 -1 2.000000 2.000000 2.000000
21 1708943427 1.000000 -1 1.000000 1.000000 1.000000
8 1708943432 2.000000 -1 2.000000 2.000000 2.000000
11 1708943432 2.000000 -1 2.000000 2.000000 2.000000
13 1708943432 3.000000 -1 3.000000 3.000000 3.000000
15 1708943432 2.000000 -1 2.000000 2.000000 2.000000
17 1708943432 1.000000 -1 1.000000 1.000000 1.000000
19 1708943432 1.000000 -1 1.000000 1.000000 1.000000
21 1708943432 2.000000 -1 2.000000 2.000000 2.000000
8 1708943437 2.000000 -1 2.000000 2.000000 2.000000
11 1708943437 3.000000 -1 3.000000 3.000000 3.000000
13 1708943437 2.000000 -1 2.000000 2.000000 2.000000
15 1708943437 2.000000 -1 2.000000 2.000000 2.000000
19 1708943437 3.000000 -1 3.000000 3.000000 3.000000
21 1708943437 3.000000 -1 3.000000 3.000000 3.000000
8 1708943442 6.000000 -1 6.000000 6.000000 6.000000
11 1708943442 5.000000 -1 5.000000 5.000000 5.000000
13 1708943442 6.000000 -1 6.000000 6.000000 6.000000
15 1708943442 5.000000 -1 5.000000 5.000000 5.000000
19 1708943442 6.000000 -1 6.000000 6.000000 6.000000
21 1708943442 6.000000 -1 6.000000 6.000000 6.000000
8 1708943447 11.000000 -1 11.000000 11.000000 11.000000
11 1708943447 11.000000 -1 11.000000 11.000000 11.000000
13 1708943447 10.000000 -1 10.000000 10.000000 10.000000
15 1708943447 12.000000 -1 12.000000 12.000000 12.000000
17 1708943447 1.000000 -1 1.000000 1.000000 1.000000
19 1708943447 11.000000 -1 11.000000 11.000000 11.000000
21 1708943447 10.000000 -1 10.000000 10.000000 10.000000
8 1708943452 12.000000 -1 12.000000 12.000000 12.000000
11 1708943452 12.000000 -1 12.000000 12.000000 12.000000
13 1708943452 13.000000 -1 13.000000 13.000000 13.000000
15 1708943452 12.000000 -1 12.000000 12.000000 12.000000
19 1708943452 12.000000 -1 12.000000 12.000000 12.000000
21 1708943452 12.000000 -1 12.000000 12.000000 12.000000
8 1708943457 6.000000 -1 6.000000 6.000000 6.000000
11 1708943457 6.000000 -1 6.000000 6.000000 6.000000
13 1708943457 6.000000 -1 6.000000 6.000000 6.000000
15 1708943457 6.000000 -1 6.000000 6.000000 6.000000
19 1708943457 6.000000 -1 6.000000 6.000000 6.000000
21 1708943457 6.000000 -1 6.000000 6.000000 6.000000
8 1708943462 4.000000 -1 4.000000 4.000000 4.000000
11 1708943462 4.000000 -1 4.000000 4.000000 4.000000
13 1708943462 4.000000 -1 4.000000 4.000000 4.000000
15 1708943462 2.000000 -1 2.000000 2.000000 2.000000
17 1708943462 1.000000 -1 1.000000 1.000000 1.000000
19 1708943462 4.000000 -1 4.000000 4.000000 4.000000
21 1708943462 4.000000 -1 4.000000 4.000000 4.000000
8 1708943467 3.000000 -1 3.000000 3.000000 3.000000
11 1708943467 5.000000 -1 5.000000 5.000000 5.000000
13 1708943467 4.000000 -1 4.000000 4.000000 4.000000
15 1708943467 4.000000 -1 4.000000 4.000000 4.000000
19 1708943467 3.000000 -1 3.000000 3.000000 3.000000
21 1708943467 5.000000 -1 5.000000 5.000000 5.000000
8 1708943472 5.000000 -1 5.000000 5.000000 5.000000
11 1708943472 3.000000 -1 3.000000 3.000000 3.000000
13 1708943472 3.000000 -1 3.000000 3.000000 3.000000
15 1708943472 4.000000 -1 4.000000 4.000000 4.000000
19 1708943472 4.000000 -1 4.000000 4.000000 4.000000
21 1708943472 3.000000 -1 3.000000 3.000000 3.000000
8 1708943477 2.000000 -1 2.000000 2.000000 2.000000
11 1708943477 2.000000 -1 2.000000 2.000000 2.000000
13 1708943477 5.000000 -1 5.000000 5.000000 5.000000
15 1708943477 3.000000 -1 3.000000 3.000000 3.000000
17 1708943477 1.000000 -1 1.000000 1.000000 1.000000
19 1708943477 3.000000 -1 3.000000 3.000000 3.000000
21 1708943477 3.000000 -1 3.000000 3.000000 3.000000
8 1708943482 4.000000 -1 4.000000 4.000000 4.000000
11 1708943482 4.000000 -1 4.000000 4.000000 4.000000
13 1708943482 2.000000 -1 2.000000 2.000000 2.000000
15 1708943482 4.000000 -1 4.000000 4.000000 4.000000
19 1708943482 4.000000 -1 4.000000 4.000000 4.000000
21 1708943482 4.000000 -1 4.000000 4.000000 4.000000
8 1708943487 4.000000 -1 4.000000 4.000000 4.000000
11 1708943487 5.000000 -1 5.000000 5.000000 5.000000
13 1708943487 4.000000 -1 4.000000 4.000000 4.000000
15 1708943487 4.000000 -1 4.000000 4.000000 4.000000
19 1708943487 4.000000 -1 4.000000 4.000000 4.000000
21 1708943487 4.000000 -1 4.000000 4.000000 4.000000
8 1708943492 5.000000 -1 5.000000 5.000000 5.000000
11 1708943492 4.000000 -1 4.000000 4.000000 4.000000
13 1708943492 5.000000 -1 5.000000 5.000000 5.000000
15 1708943492 3.000000 -1 3.000000 3.000000 3.000000
17 1708943492 1.000000 -1 1.000000 1.000000 1.000000
19 1708943492 4.000000 -1 4.000000 4.000000 4.000000
21 1708943492 4.000000 -1 4.000000 4.000000 4.000000
8 1708943497 4.000000 -1 4.000000 4.000000 4.000000
11 1708943497 5.000000 -1 5.000000 5.000000 5.000000
13 1708943497 6.000000 -1 6.000000 6.000000 6.000000
15 1708943497 6.000000 -1 6.000000 6.000000 6.000000
19 1708943497 5.000000 -1 5.000000 5.000000 5.000000
21 1708943497 5.000000 -1 5.000000 5.000000 5.000000
8 1708943502 6.000000 -1 6.000000 6.000000 6.000000
11 1708943502 6.000000 -1 6.000000 6.000000 6.000000
13 1708943502 4.000000 -1 4.000000 4.000000 4.000000
15 1708943502 7.000000 -1 7.000000 7.000000 7.000000
19 1708943502 6.000000 -1 6.000000 6.000000 6.000000
21 1708943502 6.000000 -1 6.000000 6.000000 6.000000
8 1708943507 7.000000 -1 7.000000 7.000000 7.000000
11 1708943507 6.000000 -1 6.000000 6.000000 6.000000
13 1708943507 8.000000 -1 8.000000 8.000000 8.000000
15 1708943507 4.000000 -1 4.000000 4.000000 4.000000
17 1708943507 1.000000 -1 1.000000 1.000000 1.000000
19 1708943507 7.000000 -1 7.000000 7.000000 7.000000
21 1708943507 7.000000 -1 7.000000 7.000000 7.000000
8 1708943512 17.000000 -1 17.000000 17.000000 17.000000
11 1708943512 18.000000 -1 18.000000 18.000000 18.000000
13 1708943512 17.000000 -1 17.000000 17.000000 17.000000
15 1708943512 17.000000 -1 17.000000 17.000000 17.000000
19 1708943512 16.000000 -1 16.000000 16.000000 16.000000
21 1708943512 17.000000 -1 17.000000 17.000000 17.000000
8 1708943517 14.000000 -1 14.000000 14.000000 14.000000
11 1708943517 16.000000 -1 16.000000 16.000000 16.000000
13 1708943517 16.000000 -1 16.000000 16.000000 16.000000
15 1708943517 16.000000 -1 16.000000 16.000000 16.000000
19 1708943517 15.000000 -1 15.000000 15.000000 15.000000
21 1708943517 16.000000 -1 16.000000 16.000000 16.000000
8 1708943522 16.000000 -1 16.000000 16.000000 16.000000
11 1708943522 13.000000 -1 13.000000 13.000000 13.000000
13 1708943522 13.000000 -1 13.000000 13.000000 13.000000
15 1708943522 14.000000 -1 14.000000 14.000000 14.000000
17 1708943522 1.000000 -1 1.000000 1.000000 1.000000
19 1708943522 16.000000 -1 16.000000 16.000000 16.000000
21 1708943522 14.000000 -1 14.000000 14.000000 14.000000
8 1708943527 4.000000 -1 4.000000 4.000000 4.000000
11 1708943527 5.000000 -1 5.000000 5.000000 5.000000
13 1708943527 4.000000 -1 4.000000 4.000000 4.000000
15 1708943527 4.000000 -1 4.000000 4.000000 4.000000
19 1708943527 3.000000 -1 3.000000 3.000000 3.000000
21 1708943527 4.000000 -1 4.000000 4.000000 4.000000
8 1708943532 3.000000 -1 3.000000 3.000000 3.000000
11 1708943532 3.000000 -1 3.000000 3.000000 3.000000
13 1708943532 4.000000 -1 4.000000 4.000000 4.000000
15 1708943532 5.000000 -1 5.000000 5.000000 5.000000
19 1708943532 4.000000 -1 4.000000 4.000000 4.000000
21 1708943532 3.000000 -1 3.000000 3.000000 3.000000
8 1708943537 9.000000 -1 9.000000 9.000000 9.000000
11 1708943537 8.000000 -1 8.000000 8.000000 8.000000
13 1708943537 7.000000 -1 7.000000 7.000000 7.000000
15 1708943537 6.000000 -1 6.000000 6.000000 6.000000
17 1708943537 1.000000 -1 1.000000 1.000000 1.000000
19 1708943537 9.000000 -1 9.000000 9.000000 9.000000
21 1708943537 8.000000 -1 8.000000 8.000000 8.000000
8 1708943542 9.000000 -1 9.000000 9.000000 9.000000
11 1708943542 9.000000 -1 9.000000 9.000000 9.000000
13 1708943542 9.000000 -1 9.000000 9.000000 9.000000
15 1708943542 9.000000 -1 9.000000 9.000000 9.000000
19 1708943542 7.000000 -1 7.000000 7.000000 7.000000
21 1708943542 9.000000 -1 9.000000 9.000000 9.000000
8 1708943547 6.000000 -1 6.000000 6.000000 6.000000
11 1708943547 6.000000 -1 6.000000 6.000000 6.000000
13 1708943547 7.000000 -1 7.000000 7.000000 7.000000
15 1708943547 3.000000 -1 3.000000 3.000000 3.000000
19 1708943547 7.000000 -1 7.000000 7.000000 7.000000
21 1708943547 6.000000 -1 6.000000 6.000000 6.000000
8 1708943552 3.000000 -1 3.000000 3.000000 3.000000
11 1708943552 6.000000 -1 6.000000 6.000000 6.000000
13 1708943552 7.000000 -1 7.000000 7.000000 7.000000
15 1708943552 8.000000 -1 8.000000 8.000000 8.000000
19 1708943552 3.000000 -1 3.000000 3.000000 3.000000
21 1708943552 7.000000 -1 7.000000 7.000000 7.000000
8 1708943557 7.000000 -1 7.000000 7.000000 7.000000
11 1708943557 4.000000 -1 4.000000 4.000000 4.000000
13 1708943557 4.000000 -1 4.000000 4.000000 4.000000
15 1708943557 7.000000 -1 7.000000 7.000000 7.000000
19 1708943557 8.000000 -1 8.000000 8.000000 8.000000
21 1708943557 3.000000 -1 3.000000 3.000000 3.000000
8 1708943562 8.000000 -1 8.000000 8.000000 8.000000
11 1708943562 8.000000 -1 8.000000 8.000000 8.000000
13 1708943562 7.000000 -1 7.000000 7.000000 7.000000
15 1708943562 7.000000 -1 7.000000 7.000000 7.000000
19 1708943562 7.000000 -1 7.000000 7.000000 7.000000
21 1708943562 9.000000 -1 9.000000 9.000000 9.000000
8 1708943567 8.000000 -1 8.000000 8.000000 8.000000
11 1708943567 9.000000 -1 9.000000 9.000000 9.000000
13 1708943567 9.000000 -1 9.000000 9.000000 9.000000
15 1708943567 6.000000 -1 6.000000 6.000000 6.000000
19 1708943567 9.000000 -1 9.000000 9.000000 9.000000
21 1708943567 8.000000 -1 8.000000 8.000000 8.000000
8 1708943572 7.000000 -1 7.000000 7.000000 7.000000
11 1708943572 8.000000 -1 8.000000 8.000000 8.000000
13 1708943572 8.000000 -1 8.000000 8.000000 8.000000
15 1708943572 7.000000 -1 7.000000 7.000000 7.000000
19 1708943572 6.000000 -1 6.000000 6.000000 6.000000
21 1708943572 9.000000 -1 9.000000 9.000000 9.000000
8 1708943577 6.000000 -1 6.000000 6.000000 6.000000
11 1708943577 5.000000 -1 5.000000 5.000000 5.000000
13 1708943577 7.000000 -1 7.000000 7.000000 7.000000
15 1708943577 9.000000 -1 9.000000 9.000000 9.000000
19 1708943577 7.000000 -1 7.000000 7.000000 7.000000
21 1708943577 6.000000 -1 6.000000 6.000000 6.000000
8 1708943582 9.000000 -1 9.000000 9.000000 9.000000
11 1708943582 9.000000 -1 9.000000 9.000000 9.000000
13 1708943582 6.000000 -1 6.000000 6.000000 6.000000
15 1708943582 8.000000 -1 8.000000 8.000000 8.000000
19 1708943582 9.000000 -1 9.000000 9.000000 9.000000
21 1708943582 7.000000 -1 7.000000 7.000000 7.000000
8 1708943587 8.000000 -1 8.000000 8.000000 8.000000
11 1708943587 8.000000 -1 8.000000 8.000000 8.000000
13 1708943587 9.000000 -1 9.000000 9.000000 9.000000
15 1708943587 7.000000 -1 7.000000 7.000000 7.000000
19 1708943587 8.000000 -1 8.000000 8.000000 8.000000
21 1708943587 9.000000 -1 9.000000 9.000000 9.000000
8 1708943592 7.000000 -1 7.000000 7.000000 7.000000
11 1708943592 8.000000 -1 8.000000 8.000000 8.000000
13 1708943592 8.000000 -1 8.000000 8.000000 8.000000
15 1708943592 7.000000 -1 7.000000 7.000000 7.000000
19 1708943592 7.000000 -1 7.000000 7.000000 7.000000
21 1708943592 8.000000 -1 8.000000 8.000000 8.000000
8 1708943597 8.000000 -1 8.000000 8.000000 8.000000
11 1708943597 8.000000 -1 8.000000 8.000000 8.000000
13 1708943597 7.000000 -1 7.000000 7.000000 7.000000
15 1708943597 8.000000 -1 8.000000 8.000000 8.000000
19 1708943597 7.000000 -1 7.000000 7.000000 7.000000
21 1708943597 7.000000 -1 7.000000 7.000000 7.000000
8 1708943602 7.000000 -1 7.000000 7.000000 7.000000
11 1708943602 6.000000 -1 6.000000 6.000000 6.000000
13 1708943602 7.000000 -1 7.000000 7.000000 7.000000
15 1708943602 8.000000 -1 8.000000 8.000000 8.000000
19 1708943602 8.000000 -1 8.000000 8.000000 8.000000
21 1708943602 7.000000 -1 7.000000 7.000000 7.000000
8 1708943607 7.000000 -1 7.000000 7.000000 7.000000
11 1708943607 7.000000 -1 7.000000 7.000000 7.000000
13 1708943607 7.000000 -1 7.000000 7.000000 7.000000
15 1708943607 7.000000 -1 7.000000 7.000000 7.000000
19 1708943607 7.000000 -1 7.000000 7.000000 7.000000
21 1708943607 7.000000 -1 7.000000 7.000000 7.000000
8 1708943612 7.000000 -1 7.000000 7.000000 7.000000
11 1708943612 7.000000 -1 7.000000 7.000000 7.000000
13 1708943612 7.000000 -1 7.000000 7.000000 7.000000
15 1708943612 6.000000 -1 6.000000 6.000000 6.000000
19 1708943612 7.000000 -1 7.000000 7.000000 7.000000
21 1708943612 6.000000 -1 6.000000 6.000000 6.000000
8 1708943617 6.000000 -1 6.000000 6.000000 6.000000
11 1708943617 6.000000 -1 6.000000 6.000000 6.000000
13 1708943617 7.000000 -1 7.000000 7.000000 7.000000
15 1708943617 7.000000 -1 7.000000 7.000000 7.000000
19 1708943617 6.000000 -1 6.000000 6.000000 6.000000
21 1708943617 8.000000 -1 8.000000 8.000000 8.000000
8 1708943622 9.000000 -1 9.000000 9.000000 9.000000
11 1708943622 9.000000 -1 9.000000 9.000000 9.000000
13 1708943622 7.000000 -1 7.000000 7.000000 7.000000
15 1708943622 8.000000 -1 8.000000 8.000000 8.000000
19 1708943622 8.000000 -1 8.000000 8.000000 8.000000
21 1708943622 7.000000 -1 7.000000 7.000000 7.000000
8 1708943627 11.000000 -1 11.000000 11.000000 11.000000
11 1708943627 12.000000 -1 12.000000 12.000000 12.000000
13 1708943627 13.000000 -1 13.000000 13.000000 13.000000
15 1708943627 9.000000 -1 9.000000 9.000000 9.000000
19 1708943627 11.000000 -1 11.000000 11.000000 11.000000
21 1708943627 12.000000 -1 12.000000 12.000000 12.000000
8 1708943632 26.000000 -1 26.000000 26.000000 26.000000
11 1708943632 26.000000 -1 26.000000 26.000000 26.000000
13 1708943632 25.000000 -1 25.000000 25.000000 25.000000
15 1708943632 26.000000 -1 26.000000 26.000000 26.000000
19 1708943632 24.000000 -1 24.000000 24.000000 24.000000
21 1708943632 26.000000 -1 26.000000 26.000000 26.000000
8 1708943637 25.000000 -1 25.000000 25.000000 25.000000
11 1708943637 23.000000 -1 23.000000 23.000000 23.000000
13 1708943637 25.000000 -1 25.000000 25.000000 25.000000
15 1708943637 24.000000 -1 24.000000 24.000000 24.000000
19 1708943637 26.000000 -1 26.000000 26.000000 26.000000
21 1708943637 24.000000 -1 24.000000 24.000000 24.000000
8 1708943642 22.000000 -1 22.000000 22.000000 22.000000
11 1708943642 24.000000 -1 24.000000 24.000000 24.000000
13 1708943642 22.000000 -1 22.000000 22.000000 22.000000
15 1708943642 19.000000 -1 19.000000 19.000000 19.000000
19 1708943642 23.000000 -1 23.000000 23.000000 23.000000
21 1708943642 23.000000 -1 23.000000 23.000000 23.000000
8 1708943647 26.000000 -1 26.000000 26.000000 26.000000
11 1708943647 24.000000 -1 24.000000 24.000000 24.000000
13 1708943647 24.000000 -1 24.000000 24.000000 24.000000
15 1708943647 27.000000 -1 27.000000 27.000000 27.000000
19 1708943647 26.000000 -1 26.000000 26.000000 26.000000
21 1708943647 24.000000 -1 24.000000 24.000000 24.000000
8 1708943652 24.000000 -1 24.000000 24.000000 24.000000
11 1708943652 24.000000 -1 24.000000 24.000000 24.000000
13 1708943652 24.000000 -1 24.000000 24.000000 24.000000
15 1708943652 24.000000 -1 24.000000 24.000000 24.000000
19 1708943652 25.000000 -1 25.000000 25.000000 25.000000
21 1708943652 24.000000 -1 24.000000 24.000000 24.000000
8 1708943657 18.000000 -1 18.000000 18.000000 18.000000
11 1708943657 18.000000 -1 18.000000 18.000000 18.000000
13 1708943657 18.000000 -1 18.000000 18.000000 18.000000
15 1708943657 12.000000 -1 12.000000 12.000000 12.000000
19 1708943657 16.000000 -1 16.000000 16.000000 16.000000
21 1708943657 18.000000 -1 18.000000 18.000000 18.000000
15 1708943657 6.000000 -1 6.000000 6.000000 6.000000
19 1708943657 2.000000 -1 2.000000 2.000000 2.000000
8 1708943667 10.000000 -1 10.000000 10.000000 10.000000
11 1708943667 10.000000 -1 10.000000 10.000000 10.000000
13 1708943667 10.000000 -1 10.000000 10.000000 10.000000
15 1708943667 8.000000 -1 8.000000 8.000000 8.000000
19 1708943667 10.000000 -1 10.000000 10.000000 10.000000
21 1708943667 10.000000 -1 10.000000 10.000000 10.000000
8 1708943672 10.000000 -1 10.000000 10.000000 10.000000
11 1708943672 10.000000 -1 10.000000 10.000000 10.000000
13 1708943672 10.000000 -1 10.000000 10.000000 10.000000
15 1708943672 8.000000 -1 8.000000 8.000000 8.000000
19 1708943672 10.000000 -1 10.000000 10.000000 10.000000
21 1708943672 10.000000 -1 10.000000 10.000000 10.000000
8 1708943677 10.000000 -1 10.000000 10.000000 10.000000
11 1708943677 10.000000 -1 10.000000 10.000000 10.000000
13 1708943677 10.000000 -1 10.000000 10.000000 10.000000
15 1708943677 2.000000 -1 2.000000 2.000000 2.000000
19 1708943677 9.000000 -1 9.000000 9.000000 9.000000
21 1708943677 10.000000 -1 10.000000 10.000000 10.000000
11 1708943682 4.000000 -1 4.000000 4.000000 4.000000
13 1708943682 8.000000 -1 8.000000 8.000000 8.000000
15 1708943682 9.000000 -1 9.000000 9.000000 9.000000
19 1708943682 1.000000 -1 1.000000 1.000000 1.000000
21 1708943682 8.000000 -1 8.000000 8.000000 8.000000
8 1708943687 10.000000 -1 10.000000 10.000000 10.000000
11 1708943687 6.000000 -1 6.000000 6.000000 6.000000
13 1708943687 2.000000 -1 2.000000 2.000000 2.000000
15 1708943687 10.000000 -1 10.000000 10.000000 10.000000
19 1708943687 10.000000 -1 10.000000 10.000000 10.000000
21 1708943687 2.000000 -1 2.000000 2.000000 2.000000
8 1708943692 9.000000 -1 9.000000 9.000000 9.000000
11 1708943692 9.000000 -1 9.000000 9.000000 9.000000
13 1708943692 9.000000 -1 9.000000 9.000000 9.000000
15 1708943692 9.000000 -1 9.000000 9.000000 9.000000
19 1708943692 9.000000 -1 9.000000 9.000000 9.000000
21 1708943692 9.000000 -1 9.000000 9.000000 9.000000
8 1708943697 9.000000 -1 9.000000 9.000000 9.000000
11 1708943697 9.000000 -1 9.000000 9.000000 9.000000
13 1708943697 9.000000 -1 9.000000 9.000000 9.000000
15 1708943697 2.000000 -1 2.000000 2.000000 2.000000
19 1708943697 9.000000 -1 9.000000 9.000000 9.000000
21 1708943697 9.000000 -1 9.000000 9.000000 9.000000
8 1708943702 4.000000 -1 4.000000 4.000000 4.000000
11 1708943702 7.000000 -1 7.000000 7.000000 7.000000
13 1708943702 9.000000 -1 9.000000 9.000000 9.000000
15 1708943702 7.000000 -1 7.000000 7.000000 7.000000
19 1708943702 2.000000 -1 2.000000 2.000000 2.000000
21 1708943702 8.000000 -1 8.000000 8.000000 8.000000
8 1708943707 5.000000 -1 5.000000 5.000000 5.000000
11 1708943707 3.000000 -1 3.000000 3.000000 3.000000
13 1708943707 4.000000 -1 4.000000 4.000000 4.000000
15 1708943707 9.000000 -1 9.000000 9.000000 9.000000
19 1708943707 7.000000 -1 7.000000 7.000000 7.000000
21 1708943707 3.000000 -1 3.000000 3.000000 3.000000
8 1708943712 10.000000 -1 10.000000 10.000000 10.000000
11 1708943712 9.000000 -1 9.000000 9.000000 9.000000
13 1708943712 6.000000 -1 6.000000 6.000000 6.000000
15 1708943712 10.000000 -1 10.000000 10.000000 10.000000
19 1708943712 10.000000 -1 10.000000 10.000000 10.000000
21 1708943712 8.000000 -1 8.000000 8.000000 8.000000
8 1708943717 10.000000 -1 10.000000 10.000000 10.000000
35 1708943717 1.000000 -1 1.000000 1.000000 1.000000
11 1708943717 10.000000 -1 10.000000 10.000000 10.000000
13 1708943717 10.000000 -1 10.000000 10.000000 10.000000
15 1708943717 5.000000 -1 5.000000 5.000000 5.000000
19 1708943717 10.000000 -1 10.000000 10.000000 10.000000
21 1708943717 10.000000 -1 10.000000 10.000000 10.000000
8 1708943722 8.000000 -1 8.000000 8.000000 8.000000
11 1708943722 8.000000 -1 8.000000 8.000000 8.000000
13 1708943722 9.000000 -1 9.000000 9.000000 9.000000
15 1708943722 5.000000 -1 5.000000 5.000000 5.000000
19 1708943722 5.000000 -1 5.000000 5.000000 5.000000
21 1708943722 9.000000 -1 9.000000 9.000000 9.000000
8 1708943727 2.000000 -1 2.000000 2.000000 2.000000
11 1708943727 4.000000 -1 4.000000 4.000000 4.000000
13 1708943727 7.000000 -1 7.000000 7.000000 7.000000
15 1708943727 9.000000 -1 9.000000 9.000000 9.000000
19 1708943727 4.000000 -1 4.000000 4.000000 4.000000
21 1708943727 6.000000 -1 6.000000 6.000000 6.000000
8 1708943732 8.000000 -1 8.000000 8.000000 8.000000
35 1708943732 1.000000 -1 1.000000 1.000000 1.000000
11 1708943732 6.000000 -1 6.000000 6.000000 6.000000
13 1708943732 3.000000 -1 3.000000 3.000000 3.000000
15 1708943732 9.000000 -1 9.000000 9.000000 9.000000
19 1708943732 9.000000 -1 9.000000 9.000000 9.000000
21 1708943732 3.000000 -1 3.000000 3.000000 3.000000
8 1708943737 8.000000 -1 8.000000 8.000000 8.000000
11 1708943737 8.000000 -1 8.000000 8.000000 8.000000
13 1708943737 7.000000 -1 7.000000 7.000000 7.000000
15 1708943737 5.000000 -1 5.000000 5.000000 5.000000
19 1708943737 8.000000 -1 8.000000 8.000000 8.000000
21 1708943737 8.000000 -1 8.000000 8.000000 8.000000
8 1708943742 8.000000 -1 8.000000 8.000000 8.000000
11 1708943742 8.000000 -1 8.000000 8.000000 8.000000
13 1708943742 8.000000 -1 8.000000 8.000000 8.000000
15 1708943742 4.000000 -1 4.000000 4.000000 4.000000
19 1708943742 7.000000 -1 7.000000 7.000000 7.000000
21 1708943742 8.000000 -1 8.000000 8.000000 8.000000
8 1708943747 1.000000 -1 1.000000 1.000000 1.000000
11 1708943747 4.000000 -1 4.000000 4.000000 4.000000
13 1708943747 8.000000 -1 8.000000 8.000000 8.000000
15 1708943747 7.000000 -1 7.000000 7.000000 7.000000
19 1708943747 2.000000 -1 2.000000 2.000000 2.000000
21 1708943747 7.000000 -1 7.000000 7.000000 7.000000
8 1708943752 7.000000 -1 7.000000 7.000000 7.000000
35 1708943752 1.000000 -1 1.000000 1.000000 1.000000
11 1708943752 5.000000 -1 5.000000 5.000000 5.000000
13 1708943752 1.000000 -1 1.000000 1.000000 1.000000
15 1708943752 8.000000 -1 8.000000 8.000000 8.000000
19 1708943752 7.000000 -1 7.000000 7.000000 7.000000
21 1708943752 2.000000 -1 2.000000 2.000000 2.000000
8 1708943757 7.000000 -1 7.000000 7.000000 7.000000
11 1708943757 6.000000 -1 6.000000 6.000000 6.000000
13 1708943757 6.000000 -1 6.000000 6.000000 6.000000
15 1708943757 6.000000 -1 6.000000 6.000000 6.000000
19 1708943757 7.000000 -1 7.000000 7.000000 7.000000
21 1708943757 6.000000 -1 6.000000 6.000000 6.000000
8 1708943762 7.000000 -1 7.000000 7.000000 7.000000
11 1708943762 7.000000 -1 7.000000 7.000000 7.000000
13 1708943762 7.000000 -1 7.000000 7.000000 7.000000
15 1708943762 2.000000 -1 2.000000 2.000000 2.000000
19 1708943762 7.000000 -1 7.000000 7.000000 7.000000
21 1708943762 7.000000 -1 7.000000 7.000000 7.000000
8 1708943767 4.000000 -1 4.000000 4.000000 4.000000
35 1708943767 1.000000 -1 1.000000 1.000000 1.000000
11 1708943767 5.000000 -1 5.000000 5.000000 5.000000
13 1708943767 5.000000 -1 5.000000 5.000000 5.000000
15 1708943767 5.000000 -1 5.000000 5.000000 5.000000
19 1708943767 3.000000 -1 3.000000 3.000000 3.000000
21 1708943767 5.000000 -1 5.000000 5.000000 5.000000
8 1708943772 3.000000 -1 3.000000 3.000000 3.000000
11 1708943772 2.000000 -1 2.000000 2.000000 2.000000
13 1708943772 3.000000 -1 3.000000 3.000000 3.000000
15 1708943772 6.000000 -1 6.000000 6.000000 6.000000
19 1708943772 3.000000 -1 3.000000 3.000000 3.000000
21 1708943772 2.000000 -1 2.000000 2.000000 2.000000
8 1708943777 5.000000 -1 5.000000 5.000000 5.000000
35 1708943777 1.000000 -1 1.000000 1.000000 1.000000
11 1708943777 5.000000 -1 5.000000 5.000000 5.000000
13 1708943777 4.000000 -1 4.000000 4.000000 4.000000
15 1708943777 6.000000 -1 6.000000 6.000000 6.000000
19 1708943777 6.000000 -1 6.000000 6.000000 6.000000
21 1708943777 5.000000 -1 5.000000 5.000000 5.000000
8 1708943782 5.000000 -1 5.000000 5.000000 5.000000
11 1708943782 5.000000 -1 5.000000 5.000000 5.000000
13 1708943782 5.000000 -1 5.000000 5.000000 5.000000
15 1708943782 3.000000 -1 3.000000 3.000000 3.000000
19 1708943782 5.000000 -1 5.000000 5.000000 5.000000
21 1708943782 5.000000 -1 5.000000 5.000000 5.000000
8 1708943787 3.000000 -1 3.000000 3.000000 3.000000
11 1708943787 4.000000 -1 4.000000 4.000000 4.000000
13 1708943787 4.000000 -1 4.000000 4.000000 4.000000
15 1708943787 2.000000 -1 2.000000 2.000000 2.000000
19 1708943787 2.000000 -1 2.000000 2.000000 2.000000
21 1708943787 4.000000 -1 4.000000 4.000000 4.000000
8 1708943792 2.000000 -1 2.000000 2.000000 2.000000
35 1708943792 1.000000 -1 1.000000 1.000000 1.000000
11 1708943792 3.000000 -1 3.000000 3.000000 3.000000
13 1708943792 4.000000 -1 4.000000 4.000000 4.000000
15 1708943792 5.000000 -1 5.000000 5.000000 5.000000
19 1708943792 3.000000 -1 3.000000 3.000000 3.000000
21 1708943792 3.000000 -1 3.000000 3.000000 3.000000
8 1708943797 4.000000 -1 4.000000 4.000000 4.000000
11 1708943797 2.000000 -1 2.000000 2.000000 2.000000
13 1708943797 1.000000 -1 1.000000 1.000000 1.000000
15 1708943797 4.000000 -1 4.000000 4.000000 4.000000
19 1708943797 4.000000 -1 4.000000 4.000000 4.000000
21 1708943797 2.000000 -1 2.000000 2.000000 2.000000
8 1708943802 4.000000 -1 4.000000 4.000000 4.000000
11 1708943802 4.000000 -1 4.000000 4.000000 4.000000
13 1708943802 4.000000 -1 4.000000 4.000000 4.000000
15 1708943802 3.000000 -1 3.000000 3.000000 3.000000
19 1708943802 4.000000 -1 4.000000 4.000000 4.000000
21 1708943802 4.000000 -1 4.000000 4.000000 4.000000
8 1708943807 2.000000 -1 2.000000 2.000000 2.000000
11 1708943807 3.000000 -1 3.000000 3.000000 3.000000
13 1708943807 4.000000 -1 4.000000 4.000000 4.000000
15 1708943807 1.000000 -1 1.000000 1.000000 1.000000
21 1708943807 4.000000 -1 4.000000 4.000000 4.000000
8 1708943812 6.000000 -1 6.000000 6.000000 6.000000
35 1708943812 1.000000 -1 1.000000 1.000000 1.000000
11 1708943812 6.000000 -1 6.000000 6.000000 6.000000
13 1708943812 6.000000 -1 6.000000 6.000000 6.000000
15 1708943812 8.000000 -1 8.000000 8.000000 8.000000
19 1708943812 8.000000 -1 8.000000 8.000000 8.000000
21 1708943812 5.000000 -1 5.000000 5.000000 5.000000
8 1708943817 9.000000 -1 9.000000 9.000000 9.000000
11 1708943817 10.000000 -1 10.000000 10.000000 10.000000
13 1708943817 10.000000 -1 10.000000 10.000000 10.000000
15 1708943817 9.000000 -1 9.000000 9.000000 9.000000
19 1708943817 9.000000 -1 9.000000 9.000000 9.000000
21 1708943817 10.000000 -1 10.000000 10.000000 10.000000
8 1708943822 3.000000 -1 3.000000 3.000000 3.000000
11 1708943822 3.000000 -1 3.000000 3.000000 3.000000
13 1708943822 3.000000 -1 3.000000 3.000000 3.000000
15 1708943822 3.000000 -1 3.000000 3.000000 3.000000
19 1708943822 3.000000 -1 3.000000 3.000000 3.000000
21 1708943822 4.000000 -1 4.000000 4.000000 4.000000
8 1708943827 3.000000 -1 3.000000 3.000000 3.000000
35 1708943827 1.000000 -1 1.000000 1.000000 1.000000
11 1708943827 1.000000 -1 1.000000 1.000000 1.000000
15 1708943827 3.000000 -1 3.000000 3.000000 3.000000
19 1708943827 3.000000 -1 3.000000 3.000000 3.000000
8 1708943832 2.000000 -1 2.000000 2.000000 2.000000
11 1708943832 2.000000 -1 2.000000 2.000000 2.000000
13 1708943832 2.000000 -1 2.000000 2.000000 2.000000
15 1708943832 1.000000 -1 1.000000 1.000000 1.000000
19 1708943832 2.000000 -1 2.000000 2.000000 2.000000
21 1708943832 2.000000 -1 2.000000 2.000000 2.000000
8 1708943837 1.000000 -1 1.000000 1.000000 1.000000
11 1708943837 2.000000 -1 2.000000 2.000000 2.000000
13 1708943837 2.000000 -1 2.000000 2.000000 2.000000
15 1708943837 1.000000 -1 1.000000 1.000000 1.000000
19 1708943837 1.000000 -1 1.000000 1.000000 1.000000
21 1708943837 2.000000 -1 2.000000 2.000000 2.000000
8 1708943842 1.000000 -1 1.000000 1.000000 1.000000
35 1708943842 1.000000 -1 1.000000 1.000000 1.000000
15 1708943842 2.000000 -1 2.000000 2.000000 2.000000
19 1708943842 1.000000 -1 1.000000 1.000000 1.000000
8 1708943847 1.000000 -1 1.000000 1.000000 1.000000
11 1708943847 1.000000 -1 1.000000 1.000000 1.000000
13 1708943847 1.000000 -1 1.000000 1.000000 1.000000
15 1708943847 1.000000 -1 1.000000 1.000000 1.000000
19 1708943847 1.000000 -1 1.000000 1.000000 1.000000
21 1708943847 1.000000 -1 1.000000 1.000000 1.000000
8 1708943852 1.000000 -1 1.000000 1.000000 1.000000
35 1708943857 1.000000 -1 1.000000 1.000000 1.000000
11 1708943852 1.000000 -1 1.000000 1.000000 1.000000
13 1708943852 1.000000 -1 1.000000 1.000000 1.000000
15 1708943857 1.000000 -1 1.000000 1.000000 1.000000
19 1708943852 1.000000 -1 1.000000 1.000000 1.000000
21 1708943852 1.000000 -1 1.000000 1.000000 1.000000
