4 1708941908 0.000000 1 0.000000 0.000000 0.000000
5 1708941908 0.000000 1 0.000000 0.000000 0.000000
6 1708941908 0.000000 1 0.000000 0.000000 0.000000
7 1708941908 0.000000 1 0.000000 0.000000 0.000000
4 1708941909 0.000000 1 0.000000 0.000000 0.000000
5 1708941909 0.000000 1 0.000000 0.000000 0.000000
6 1708941909 0.000000 1 0.000000 0.000000 0.000000
7 1708941909 0.000000 1 0.000000 0.000000 0.000000
4 1708941910 0.000000 1 0.000000 0.000000 0.000000
5 1708941910 0.000000 1 0.000000 0.000000 0.000000
6 1708941910 0.000000 1 0.000000 0.000000 0.000000
7 1708941910 0.000000 1 0.000000 0.000000 0.000000
4 1708941911 0.000000 1 0.000000 0.000000 0.000000
5 1708941911 0.000000 1 0.000000 0.000000 0.000000
6 1708941911 0.000000 1 0.000000 0.000000 0.000000
7 1708941911 0.000000 1 0.000000 0.000000 0.000000
4 1708941912 5.000000 1 5.000000 5.000000 5.000000
5 1708941912 1.000000 1 1.000000 1.000000 1.000000
6 1708941912 0.000000 1 0.000000 0.000000 0.000000
7 1708941912 0.000000 1 0.000000 0.000000 0.000000
4 1708941913 9.000000 1 9.000000 9.000000 9.000000
5 1708941913 0.000000 1 0.000000 0.000000 0.000000
6 1708941913 0.000000 1 0.000000 0.000000 0.000000
7 1708941913 0.000000 1 0.000000 0.000000 0.000000
4 1708941914 9.000000 1 9.000000 9.000000 9.000000
5 1708941914 0.000000 1 0.000000 0.000000 0.000000
6 1708941914 0.000000 1 0.000000 0.000000 0.000000
7 1708941914 0.000000 1 0.000000 0.000000 0.000000
4 1708941917 9.000000 1 9.000000 9.000000 9.000000
5 1708941917 0.000000 1 0.000000 0.000000 0.000000
6 1708941917 0.000000 1 0.000000 0.000000 0.000000
7 1708941917 0.000000 1 0.000000 0.000000 0.000000
4 1708941919 10.000000 1 10.000000 10.000000 10.000000
5 1708941919 0.000000 1 0.000000 0.000000 0.000000
6 1708941919 0.000000 1 0.000000 0.000000 0.000000
7 1708941919 0.000000 1 0.000000 0.000000 0.000000
4 1708941919 10.000000 1 10.000000 10.000000 10.000000
5 1708941919 0.000000 1 0.000000 0.000000 0.000000
6 1708941919 0.000000 1 0.000000 0.000000 0.000000
7 1708941919 0.000000 1 0.000000 0.000000 0.000000
4 1708941920 10.000000 1 10.000000 10.000000 10.000000
5 1708941920 0.000000 1 0.000000 0.000000 0.000000
6 1708941920 0.000000 1 0.000000 0.000000 0.000000
7 1708941920 0.000000 1 0.000000 0.000000 0.000000
4 1708941921 10.000000 1 10.000000 10.000000 10.000000
5 1708941921 0.000000 1 0.000000 0.000000 0.000000
6 1708941921 0.000000 1 0.000000 0.000000 0.000000
7 1708941921 0.000000 1 0.000000 0.000000 0.000000
4 1708941922 10.000000 1 10.000000 10.000000 10.000000
5 1708941922 0.000000 1 0.000000 0.000000 0.000000
6 1708941922 0.000000 1 0.000000 0.000000 0.000000
7 1708941922 0.000000 1 0.000000 0.000000 0.000000
4 1708941923 10.000000 1 10.000000 10.000000 10.000000
5 1708941923 0.000000 1 0.000000 0.000000 0.000000
6 1708941923 0.000000 1 0.000000 0.000000 0.000000
7 1708941923 0.000000 1 0.000000 0.000000 0.000000
4 1708941924 10.000000 1 10.000000 10.000000 10.000000
5 1708941924 0.000000 1 0.000000 0.000000 0.000000
6 1708941924 0.000000 1 0.000000 0.000000 0.000000
7 1708941924 0.000000 1 0.000000 0.000000 0.000000
4 1708941925 10.000000 1 10.000000 10.000000 10.000000
5 1708941925 0.000000 1 0.000000 0.000000 0.000000
6 1708941925 0.000000 1 0.000000 0.000000 0.000000
7 1708941925 0.000000 1 0.000000 0.000000 0.000000
4 1708941926 10.000000 1 10.000000 10.000000 10.000000
5 1708941926 0.000000 1 0.000000 0.000000 0.000000
6 1708941926 0.000000 1 0.000000 0.000000 0.000000
7 1708941926 0.000000 1 0.000000 0.000000 0.000000
4 1708941927 10.000000 1 10.000000 10.000000 10.000000
5 1708941927 0.000000 1 0.000000 0.000000 0.000000
6 1708941927 0.000000 1 0.000000 0.000000 0.000000
7 1708941927 0.000000 1 0.000000 0.000000 0.000000
4 1708941928 10.000000 1 10.000000 10.000000 10.000000
5 1708941928 0.000000 1 0.000000 0.000000 0.000000
6 1708941928 0.000000 1 0.000000 0.000000 0.000000
7 1708941928 0.000000 1 0.000000 0.000000 0.000000
4 1708941929 10.000000 1 10.000000 10.000000 10.000000
5 1708941929 0.000000 1 0.000000 0.000000 0.000000
6 1708941929 0.000000 1 0.000000 0.000000 0.000000
7 1708941929 0.000000 1 0.000000 0.000000 0.000000
4 1708941930 10.000000 1 10.000000 10.000000 10.000000
5 1708941930 0.000000 1 0.000000 0.000000 0.000000
6 1708941930 0.000000 1 0.000000 0.000000 0.000000
7 1708941930 0.000000 1 0.000000 0.000000 0.000000
4 1708941931 10.000000 1 10.000000 10.000000 10.000000
5 1708941931 0.000000 1 0.000000 0.000000 0.000000
6 1708941931 0.000000 1 0.000000 0.000000 0.000000
7 1708941931 0.000000 1 0.000000 0.000000 0.000000
4 1708941932 10.000000 1 10.000000 10.000000 10.000000
5 1708941932 0.000000 1 0.000000 0.000000 0.000000
6 1708941932 0.000000 1 0.000000 0.000000 0.000000
7 1708941932 0.000000 1 0.000000 0.000000 0.000000
4 1708941933 10.000000 1 10.000000 10.000000 10.000000
5 1708941933 0.000000 1 0.000000 0.000000 0.000000
6 1708941933 0.000000 1 0.000000 0.000000 0.000000
7 1708941933 0.000000 1 0.000000 0.000000 0.000000
4 1708941934 10.000000 1 10.000000 10.000000 10.000000
5 1708941934 0.000000 1 0.000000 0.000000 0.000000
6 1708941934 0.000000 1 0.000000 0.000000 0.000000
7 1708941934 0.000000 1 0.000000 0.000000 0.000000
4 1708941936 10.000000 1 10.000000 10.000000 10.000000
5 1708941936 0.000000 1 0.000000 0.000000 0.000000
6 1708941936 0.000000 1 0.000000 0.000000 0.000000
7 1708941936 0.000000 1 0.000000 0.000000 0.000000
4 1708941937 10.000000 1 10.000000 10.000000 10.000000
5 1708941937 0.000000 1 0.000000 0.000000 0.000000
6 1708941937 0.000000 1 0.000000 0.000000 0.000000
7 1708941937 0.000000 1 0.000000 0.000000 0.000000
4 1708941938 10.000000 1 10.000000 10.000000 10.000000
5 1708941938 0.000000 1 0.000000 0.000000 0.000000
6 1708941938 0.000000 1 0.000000 0.000000 0.000000
7 1708941938 0.000000 1 0.000000 0.000000 0.000000
4 1708941939 10.000000 1 10.000000 10.000000 10.000000
5 1708941939 0.000000 1 0.000000 0.000000 0.000000
6 1708941939 0.000000 1 0.000000 0.000000 0.000000
7 1708941939 0.000000 1 0.000000 0.000000 0.000000
4 1708941940 10.000000 1 10.000000 10.000000 10.000000
5 1708941940 0.000000 1 0.000000 0.000000 0.000000
6 1708941940 0.000000 1 0.000000 0.000000 0.000000
7 1708941940 0.000000 1 0.000000 0.000000 0.000000
4 1708941941 10.000000 1 10.000000 10.000000 10.000000
5 1708941941 0.000000 1 0.000000 0.000000 0.000000
6 1708941941 0.000000 1 0.000000 0.000000 0.000000
7 1708941941 0.000000 1 0.000000 0.000000 0.000000
4 1708941942 10.000000 1 10.000000 10.000000 10.000000
5 1708941942 0.000000 1 0.000000 0.000000 0.000000
6 1708941942 0.000000 1 0.000000 0.000000 0.000000
7 1708941942 0.000000 1 0.000000 0.000000 0.000000
4 1708941943 10.000000 1 10.000000 10.000000 10.000000
5 1708941943 0.000000 1 0.000000 0.000000 0.000000
6 1708941943 0.000000 1 0.000000 0.000000 0.000000
7 1708941943 0.000000 1 0.000000 0.000000 0.000000
4 1708941944 10.000000 1 10.000000 10.000000 10.000000
5 1708941944 0.000000 1 0.000000 0.000000 0.000000
6 1708941944 0.000000 1 0.000000 0.000000 0.000000
7 1708941944 0.000000 1 0.000000 0.000000 0.000000
4 1708941945 10.000000 1 10.000000 10.000000 10.000000
5 1708941945 0.000000 1 0.000000 0.000000 0.000000
6 1708941945 0.000000 1 0.000000 0.000000 0.000000
7 1708941945 0.000000 1 0.000000 0.000000 0.000000
4 1708941946 10.000000 1 10.000000 10.000000 10.000000
5 1708941946 0.000000 1 0.000000 0.000000 0.000000
6 1708941946 0.000000 1 0.000000 0.000000 0.000000
7 1708941946 0.000000 1 0.000000 0.000000 0.000000
4 1708941947 10.000000 1 10.000000 10.000000 10.000000
5 1708941947 0.000000 1 0.000000 0.000000 0.000000
6 1708941947 0.000000 1 0.000000 0.000000 0.000000
7 1708941947 0.000000 1 0.000000 0.000000 0.000000
4 1708941948 10.000000 1 10.000000 10.000000 10.000000
5 1708941948 0.000000 1 0.000000 0.000000 0.000000
6 1708941948 0.000000 1 0.000000 0.000000 0.000000
7 1708941948 0.000000 1 0.000000 0.000000 0.000000
4 1708941949 10.000000 1 10.000000 10.000000 10.000000
5 1708941949 0.000000 1 0.000000 0.000000 0.000000
6 1708941949 0.000000 1 0.000000 0.000000 0.000000
7 1708941949 0.000000 1 0.000000 0.000000 0.000000
4 1708941950 10.000000 1 10.000000 10.000000 10.000000
5 1708941950 0.000000 1 0.000000 0.000000 0.000000
6 1708941950 0.000000 1 0.000000 0.000000 0.000000
7 1708941950 0.000000 1 0.000000 0.000000 0.000000
4 1708941951 10.000000 1 10.000000 10.000000 10.000000
5 1708941951 0.000000 1 0.000000 0.000000 0.000000
6 1708941951 0.000000 1 0.000000 0.000000 0.000000
7 1708941951 0.000000 1 0.000000 0.000000 0.000000
4 1708941952 10.000000 1 10.000000 10.000000 10.000000
5 1708941952 0.000000 1 0.000000 0.000000 0.000000
6 1708941952 0.000000 1 0.000000 0.000000 0.000000
7 1708941952 0.000000 1 0.000000 0.000000 0.000000
4 1708941953 10.000000 1 10.000000 10.000000 10.000000
5 1708941953 0.000000 1 0.000000 0.000000 0.000000
6 1708941953 0.000000 1 0.000000 0.000000 0.000000
7 1708941953 0.000000 1 0.000000 0.000000 0.000000
4 1708941954 10.000000 1 10.000000 10.000000 10.000000
5 1708941954 0.000000 1 0.000000 0.000000 0.000000
6 1708941954 0.000000 1 0.000000 0.000000 0.000000
7 1708941954 0.000000 1 0.000000 0.000000 0.000000
4 1708941955 10.000000 1 10.000000 10.000000 10.000000
5 1708941955 0.000000 1 0.000000 0.000000 0.000000
6 1708941955 0.000000 1 0.000000 0.000000 0.000000
7 1708941955 0.000000 1 0.000000 0.000000 0.000000
4 1708941956 10.000000 1 10.000000 10.000000 10.000000
5 1708941956 0.000000 1 0.000000 0.000000 0.000000
6 1708941956 0.000000 1 0.000000 0.000000 0.000000
7 1708941956 0.000000 1 0.000000 0.000000 0.000000
4 1708941957 10.000000 1 10.000000 10.000000 10.000000
5 1708941957 0.000000 1 0.000000 0.000000 0.000000
6 1708941957 0.000000 1 0.000000 0.000000 0.000000
7 1708941957 0.000000 1 0.000000 0.000000 0.000000
4 1708941958 10.000000 1 10.000000 10.000000 10.000000
5 1708941958 0.000000 1 0.000000 0.000000 0.000000
6 1708941958 0.000000 1 0.000000 0.000000 0.000000
7 1708941958 0.000000 1 0.000000 0.000000 0.000000
4 1708941959 10.000000 1 10.000000 10.000000 10.000000
5 1708941959 0.000000 1 0.000000 0.000000 0.000000
6 1708941959 0.000000 1 0.000000 0.000000 0.000000
7 1708941959 0.000000 1 0.000000 0.000000 0.000000
4 1708941960 10.000000 1 10.000000 10.000000 10.000000
5 1708941960 0.000000 1 0.000000 0.000000 0.000000
6 1708941960 0.000000 1 0.000000 0.000000 0.000000
7 1708941960 0.000000 1 0.000000 0.000000 0.000000
4 1708941961 10.000000 1 10.000000 10.000000 10.000000
5 1708941961 0.000000 1 0.000000 0.000000 0.000000
6 1708941961 0.000000 1 0.000000 0.000000 0.000000
7 1708941961 0.000000 1 0.000000 0.000000 0.000000
4 1708941962 10.000000 1 10.000000 10.000000 10.000000
5 1708941962 0.000000 1 0.000000 0.000000 0.000000
6 1708941962 0.000000 1 0.000000 0.000000 0.000000
7 1708941962 0.000000 1 0.000000 0.000000 0.000000
4 1708941963 10.000000 1 10.000000 10.000000 10.000000
5 1708941963 0.000000 1 0.000000 0.000000 0.000000
6 1708941963 0.000000 1 0.000000 0.000000 0.000000
7 1708941963 0.000000 1 0.000000 0.000000 0.000000
4 1708941964 10.000000 1 10.000000 10.000000 10.000000
5 1708941964 0.000000 1 0.000000 0.000000 0.000000
6 1708941964 0.000000 1 0.000000 0.000000 0.000000
7 1708941964 0.000000 1 0.000000 0.000000 0.000000
4 1708941965 10.000000 1 10.000000 10.000000 10.000000
5 1708941965 0.000000 1 0.000000 0.000000 0.000000
6 1708941965 0.000000 1 0.000000 0.000000 0.000000
7 1708941965 0.000000 1 0.000000 0.000000 0.000000
4 1708941966 10.000000 1 10.000000 10.000000 10.000000
5 1708941966 0.000000 1 0.000000 0.000000 0.000000
6 1708941966 0.000000 1 0.000000 0.000000 0.000000
7 1708941966 0.000000 1 0.000000 0.000000 0.000000
4 1708941967 10.000000 1 10.000000 10.000000 10.000000
5 1708941967 0.000000 1 0.000000 0.000000 0.000000
6 1708941967 0.000000 1 0.000000 0.000000 0.000000
7 1708941967 0.000000 1 0.000000 0.000000 0.000000
4 1708941968 10.000000 1 10.000000 10.000000 10.000000
5 1708941968 0.000000 1 0.000000 0.000000 0.000000
6 1708941968 0.000000 1 0.000000 0.000000 0.000000
7 1708941968 0.000000 1 0.000000 0.000000 0.000000
4 1708941969 10.000000 1 10.000000 10.000000 10.000000
5 1708941969 0.000000 1 0.000000 0.000000 0.000000
6 1708941969 0.000000 1 0.000000 0.000000 0.000000
7 1708941969 0.000000 1 0.000000 0.000000 0.000000
4 1708941970 10.000000 1 10.000000 10.000000 10.000000
5 1708941970 0.000000 1 0.000000 0.000000 0.000000
6 1708941970 0.000000 1 0.000000 0.000000 0.000000
7 1708941970 0.000000 1 0.000000 0.000000 0.000000
4 1708941971 10.000000 1 10.000000 10.000000 10.000000
5 1708941971 0.000000 1 0.000000 0.000000 0.000000
6 1708941971 0.000000 1 0.000000 0.000000 0.000000
7 1708941971 0.000000 1 0.000000 0.000000 0.000000
4 1708941972 10.000000 1 10.000000 10.000000 10.000000
5 1708941972 0.000000 1 0.000000 0.000000 0.000000
6 1708941972 0.000000 1 0.000000 0.000000 0.000000
7 1708941972 0.000000 1 0.000000 0.000000 0.000000
4 1708941973 10.000000 1 10.000000 10.000000 10.000000
5 1708941973 0.000000 1 0.000000 0.000000 0.000000
6 1708941973 0.000000 1 0.000000 0.000000 0.000000
7 1708941973 0.000000 1 0.000000 0.000000 0.000000
4 1708941974 10.000000 1 10.000000 10.000000 10.000000
5 1708941974 0.000000 1 0.000000 0.000000 0.000000
6 1708941974 0.000000 1 0.000000 0.000000 0.000000
7 1708941974 0.000000 1 0.000000 0.000000 0.000000
4 1708941975 10.000000 1 10.000000 10.000000 10.000000
5 1708941975 0.000000 1 0.000000 0.000000 0.000000
6 1708941975 0.000000 1 0.000000 0.000000 0.000000
7 1708941975 0.000000 1 0.000000 0.000000 0.000000
4 1708941976 10.000000 1 10.000000 10.000000 10.000000
5 1708941976 0.000000 1 0.000000 0.000000 0.000000
6 1708941976 0.000000 1 0.000000 0.000000 0.000000
7 1708941976 0.000000 1 0.000000 0.000000 0.000000
4 1708941977 10.000000 1 10.000000 10.000000 10.000000
5 1708941977 0.000000 1 0.000000 0.000000 0.000000
6 1708941977 0.000000 1 0.000000 0.000000 0.000000
7 1708941977 0.000000 1 0.000000 0.000000 0.000000
4 1708941978 10.000000 1 10.000000 10.000000 10.000000
5 1708941978 0.000000 1 0.000000 0.000000 0.000000
6 1708941978 0.000000 1 0.000000 0.000000 0.000000
7 1708941978 0.000000 1 0.000000 0.000000 0.000000
4 1708941979 10.000000 1 10.000000 10.000000 10.000000
5 1708941979 0.000000 1 0.000000 0.000000 0.000000
6 1708941979 0.000000 1 0.000000 0.000000 0.000000
7 1708941979 0.000000 1 0.000000 0.000000 0.000000
4 1708941980 10.000000 1 10.000000 10.000000 10.000000
5 1708941980 0.000000 1 0.000000 0.000000 0.000000
6 1708941980 0.000000 1 0.000000 0.000000 0.000000
7 1708941980 0.000000 1 0.000000 0.000000 0.000000
4 1708941981 10.000000 1 10.000000 10.000000 10.000000
5 1708941981 0.000000 1 0.000000 0.000000 0.000000
6 1708941981 0.000000 1 0.000000 0.000000 0.000000
7 1708941981 0.000000 1 0.000000 0.000000 0.000000
4 1708941982 10.000000 1 10.000000 10.000000 10.000000
5 1708941982 0.000000 1 0.000000 0.000000 0.000000
6 1708941982 0.000000 1 0.000000 0.000000 0.000000
7 1708941982 0.000000 1 0.000000 0.000000 0.000000
4 1708941983 10.000000 1 10.000000 10.000000 10.000000
5 1708941983 0.000000 1 0.000000 0.000000 0.000000
6 1708941983 0.000000 1 0.000000 0.000000 0.000000
7 1708941983 0.000000 1 0.000000 0.000000 0.000000
4 1708941984 10.000000 1 10.000000 10.000000 10.000000
5 1708941984 0.000000 1 0.000000 0.000000 0.000000
6 1708941984 0.000000 1 0.000000 0.000000 0.000000
7 1708941984 0.000000 1 0.000000 0.000000 0.000000
4 1708941985 10.000000 1 10.000000 10.000000 10.000000
5 1708941985 0.000000 1 0.000000 0.000000 0.000000
6 1708941985 0.000000 1 0.000000 0.000000 0.000000
7 1708941985 0.000000 1 0.000000 0.000000 0.000000
4 1708941986 10.000000 1 10.000000 10.000000 10.000000
5 1708941986 0.000000 1 0.000000 0.000000 0.000000
6 1708941986 0.000000 1 0.000000 0.000000 0.000000
7 1708941986 0.000000 1 0.000000 0.000000 0.000000
4 1708941987 10.000000 1 10.000000 10.000000 10.000000
5 1708941987 0.000000 1 0.000000 0.000000 0.000000
6 1708941987 0.000000 1 0.000000 0.000000 0.000000
7 1708941987 0.000000 1 0.000000 0.000000 0.000000
4 1708941988 10.000000 1 10.000000 10.000000 10.000000
5 1708941988 0.000000 1 0.000000 0.000000 0.000000
6 1708941988 0.000000 1 0.000000 0.000000 0.000000
7 1708941988 0.000000 1 0.000000 0.000000 0.000000
4 1708941989 10.000000 1 10.000000 10.000000 10.000000
5 1708941989 0.000000 1 0.000000 0.000000 0.000000
6 1708941989 0.000000 1 0.000000 0.000000 0.000000
7 1708941989 0.000000 1 0.000000 0.000000 0.000000
4 1708941990 10.000000 1 10.000000 10.000000 10.000000
5 1708941990 0.000000 1 0.000000 0.000000 0.000000
6 1708941990 0.000000 1 0.000000 0.000000 0.000000
7 1708941990 0.000000 1 0.000000 0.000000 0.000000
4 1708941991 10.000000 1 10.000000 10.000000 10.000000
5 1708941991 0.000000 1 0.000000 0.000000 0.000000
6 1708941991 0.000000 1 0.000000 0.000000 0.000000
7 1708941991 0.000000 1 0.000000 0.000000 0.000000
4 1708941992 10.000000 1 10.000000 10.000000 10.000000
5 1708941992 0.000000 1 0.000000 0.000000 0.000000
6 1708941992 0.000000 1 0.000000 0.000000 0.000000
7 1708941992 0.000000 1 0.000000 0.000000 0.000000
4 1708941993 10.000000 1 10.000000 10.000000 10.000000
5 1708941993 0.000000 1 0.000000 0.000000 0.000000
6 1708941993 0.000000 1 0.000000 0.000000 0.000000
7 1708941993 0.000000 1 0.000000 0.000000 0.000000
4 1708941994 10.000000 1 10.000000 10.000000 10.000000
5 1708941994 0.000000 1 0.000000 0.000000 0.000000
6 1708941994 0.000000 1 0.000000 0.000000 0.000000
7 1708941994 0.000000 1 0.000000 0.000000 0.000000
4 1708941995 10.000000 1 10.000000 10.000000 10.000000
5 1708941995 0.000000 1 0.000000 0.000000 0.000000
6 1708941995 0.000000 1 0.000000 0.000000 0.000000
7 1708941995 0.000000 1 0.000000 0.000000 0.000000
4 1708941996 10.000000 1 10.000000 10.000000 10.000000
5 1708941996 0.000000 1 0.000000 0.000000 0.000000
6 1708941996 0.000000 1 0.000000 0.000000 0.000000
7 1708941996 0.000000 1 0.000000 0.000000 0.000000
4 1708941997 10.000000 1 10.000000 10.000000 10.000000
5 1708941997 0.000000 1 0.000000 0.000000 0.000000
6 1708941997 0.000000 1 0.000000 0.000000 0.000000
7 1708941997 0.000000 1 0.000000 0.000000 0.000000
4 1708941998 10.000000 1 10.000000 10.000000 10.000000
5 1708941998 0.000000 1 0.000000 0.000000 0.000000
6 1708941998 0.000000 1 0.000000 0.000000 0.000000
7 1708941998 0.000000 1 0.000000 0.000000 0.000000
4 1708942000 10.000000 1 10.000000 10.000000 10.000000
5 1708942000 0.000000 1 0.000000 0.000000 0.000000
6 1708942000 0.000000 1 0.000000 0.000000 0.000000
7 1708942000 0.000000 1 0.000000 0.000000 0.000000
4 1708942001 10.000000 1 10.000000 10.000000 10.000000
5 1708942001 0.000000 1 0.000000 0.000000 0.000000
6 1708942001 0.000000 1 0.000000 0.000000 0.000000
7 1708942001 0.000000 1 0.000000 0.000000 0.000000
4 1708942002 10.000000 1 10.000000 10.000000 10.000000
5 1708942002 0.000000 1 0.000000 0.000000 0.000000
6 1708942002 0.000000 1 0.000000 0.000000 0.000000
7 1708942002 0.000000 1 0.000000 0.000000 0.000000
4 1708942003 10.000000 1 10.000000 10.000000 10.000000
5 1708942003 0.000000 1 0.000000 0.000000 0.000000
6 1708942003 0.000000 1 0.000000 0.000000 0.000000
7 1708942003 0.000000 1 0.000000 0.000000 0.000000
4 1708942004 10.000000 1 10.000000 10.000000 10.000000
5 1708942004 0.000000 1 0.000000 0.000000 0.000000
6 1708942004 0.000000 1 0.000000 0.000000 0.000000
7 1708942004 0.000000 1 0.000000 0.000000 0.000000
4 1708942005 10.000000 1 10.000000 10.000000 10.000000
5 1708942005 0.000000 1 0.000000 0.000000 0.000000
6 1708942005 0.000000 1 0.000000 0.000000 0.000000
7 1708942005 0.000000 1 0.000000 0.000000 0.000000
4 1708942006 10.000000 1 10.000000 10.000000 10.000000
5 1708942006 0.000000 1 0.000000 0.000000 0.000000
6 1708942006 0.000000 1 0.000000 0.000000 0.000000
7 1708942006 0.000000 1 0.000000 0.000000 0.000000
4 1708942007 10.000000 1 10.000000 10.000000 10.000000
5 1708942007 0.000000 1 0.000000 0.000000 0.000000
6 1708942007 0.000000 1 0.000000 0.000000 0.000000
7 1708942007 0.000000 1 0.000000 0.000000 0.000000
4 1708942008 10.000000 1 10.000000 10.000000 10.000000
5 1708942008 0.000000 1 0.000000 0.000000 0.000000
6 1708942008 0.000000 1 0.000000 0.000000 0.000000
7 1708942008 0.000000 1 0.000000 0.000000 0.000000
4 1708942009 10.000000 1 10.000000 10.000000 10.000000
5 1708942009 0.000000 1 0.000000 0.000000 0.000000
6 1708942009 0.000000 1 0.000000 0.000000 0.000000
7 1708942009 0.000000 1 0.000000 0.000000 0.000000
4 1708942010 10.000000 1 10.000000 10.000000 10.000000
5 1708942010 0.000000 1 0.000000 0.000000 0.000000
6 1708942010 0.000000 1 0.000000 0.000000 0.000000
7 1708942010 0.000000 1 0.000000 0.000000 0.000000
4 1708942011 10.000000 1 10.000000 10.000000 10.000000
5 1708942011 0.000000 1 0.000000 0.000000 0.000000
6 1708942011 0.000000 1 0.000000 0.000000 0.000000
7 1708942011 0.000000 1 0.000000 0.000000 0.000000
4 1708942012 10.000000 1 10.000000 10.000000 10.000000
5 1708942012 0.000000 1 0.000000 0.000000 0.000000
6 1708942012 0.000000 1 0.000000 0.000000 0.000000
7 1708942012 0.000000 1 0.000000 0.000000 0.000000
4 1708942013 10.000000 1 10.000000 10.000000 10.000000
5 1708942013 0.000000 1 0.000000 0.000000 0.000000
6 1708942013 0.000000 1 0.000000 0.000000 0.000000
7 1708942013 0.000000 1 0.000000 0.000000 0.000000
4 1708942014 10.000000 1 10.000000 10.000000 10.000000
5 1708942014 0.000000 1 0.000000 0.000000 0.000000
6 1708942014 0.000000 1 0.000000 0.000000 0.000000
7 1708942014 0.000000 1 0.000000 0.000000 0.000000
4 1708942015 10.000000 1 10.000000 10.000000 10.000000
5 1708942015 0.000000 1 0.000000 0.000000 0.000000
6 1708942015 0.000000 1 0.000000 0.000000 0.000000
7 1708942015 0.000000 1 0.000000 0.000000 0.000000
4 1708942016 10.000000 1 10.000000 10.000000 10.000000
5 1708942016 0.000000 1 0.000000 0.000000 0.000000
6 1708942016 0.000000 1 0.000000 0.000000 0.000000
7 1708942016 0.000000 1 0.000000 0.000000 0.000000
4 1708942017 10.000000 1 10.000000 10.000000 10.000000
5 1708942017 0.000000 1 0.000000 0.000000 0.000000
6 1708942017 0.000000 1 0.000000 0.000000 0.000000
7 1708942017 0.000000 1 0.000000 0.000000 0.000000
4 1708942018 10.000000 1 10.000000 10.000000 10.000000
5 1708942018 0.000000 1 0.000000 0.000000 0.000000
6 1708942018 0.000000 1 0.000000 0.000000 0.000000
7 1708942018 0.000000 1 0.000000 0.000000 0.000000
4 1708942019 10.000000 1 10.000000 10.000000 10.000000
5 1708942019 0.000000 1 0.000000 0.000000 0.000000
6 1708942019 0.000000 1 0.000000 0.000000 0.000000
7 1708942019 0.000000 1 0.000000 0.000000 0.000000
4 1708942020 10.000000 1 10.000000 10.000000 10.000000
5 1708942020 0.000000 1 0.000000 0.000000 0.000000
6 1708942020 0.000000 1 0.000000 0.000000 0.000000
7 1708942020 0.000000 1 0.000000 0.000000 0.000000
4 1708942021 10.000000 1 10.000000 10.000000 10.000000
5 1708942021 0.000000 1 0.000000 0.000000 0.000000
6 1708942021 0.000000 1 0.000000 0.000000 0.000000
7 1708942021 0.000000 1 0.000000 0.000000 0.000000
4 1708942022 10.000000 1 10.000000 10.000000 10.000000
5 1708942022 0.000000 1 0.000000 0.000000 0.000000
6 1708942022 0.000000 1 0.000000 0.000000 0.000000
7 1708942022 0.000000 1 0.000000 0.000000 0.000000
4 1708942023 10.000000 1 10.000000 10.000000 10.000000
5 1708942023 0.000000 1 0.000000 0.000000 0.000000
6 1708942023 0.000000 1 0.000000 0.000000 0.000000
7 1708942023 0.000000 1 0.000000 0.000000 0.000000
4 1708942024 10.000000 1 10.000000 10.000000 10.000000
5 1708942024 0.000000 1 0.000000 0.000000 0.000000
6 1708942024 0.000000 1 0.000000 0.000000 0.000000
7 1708942024 0.000000 1 0.000000 0.000000 0.000000
4 1708942025 10.000000 1 10.000000 10.000000 10.000000
5 1708942025 0.000000 1 0.000000 0.000000 0.000000
6 1708942025 0.000000 1 0.000000 0.000000 0.000000
7 1708942025 0.000000 1 0.000000 0.000000 0.000000
4 1708942026 10.000000 1 10.000000 10.000000 10.000000
5 1708942026 0.000000 1 0.000000 0.000000 0.000000
6 1708942026 0.000000 1 0.000000 0.000000 0.000000
7 1708942026 0.000000 1 0.000000 0.000000 0.000000
4 1708942027 10.000000 1 10.000000 10.000000 10.000000
5 1708942027 0.000000 1 0.000000 0.000000 0.000000
6 1708942027 0.000000 1 0.000000 0.000000 0.000000
7 1708942027 0.000000 1 0.000000 0.000000 0.000000
4 1708942028 10.000000 1 10.000000 10.000000 10.000000
5 1708942028 0.000000 1 0.000000 0.000000 0.000000
6 1708942028 0.000000 1 0.000000 0.000000 0.000000
7 1708942028 0.000000 1 0.000000 0.000000 0.000000
4 1708942029 10.000000 1 10.000000 10.000000 10.000000
5 1708942029 0.000000 1 0.000000 0.000000 0.000000
6 1708942029 0.000000 1 0.000000 0.000000 0.000000
7 1708942029 0.000000 1 0.000000 0.000000 0.000000
4 1708942030 10.000000 1 10.000000 10.000000 10.000000
5 1708942030 0.000000 1 0.000000 0.000000 0.000000
6 1708942030 0.000000 1 0.000000 0.000000 0.000000
7 1708942030 0.000000 1 0.000000 0.000000 0.000000
4 1708942031 10.000000 1 10.000000 10.000000 10.000000
5 1708942031 0.000000 1 0.000000 0.000000 0.000000
6 1708942031 0.000000 1 0.000000 0.000000 0.000000
7 1708942031 0.000000 1 0.000000 0.000000 0.000000
4 1708942032 10.000000 1 10.000000 10.000000 10.000000
5 1708942032 0.000000 1 0.000000 0.000000 0.000000
6 1708942032 0.000000 1 0.000000 0.000000 0.000000
7 1708942032 0.000000 1 0.000000 0.000000 0.000000
4 1708942033 10.000000 1 10.000000 10.000000 10.000000
5 1708942033 0.000000 1 0.000000 0.000000 0.000000
6 1708942033 0.000000 1 0.000000 0.000000 0.000000
7 1708942033 0.000000 1 0.000000 0.000000 0.000000
4 1708942034 10.000000 1 10.000000 10.000000 10.000000
5 1708942034 0.000000 1 0.000000 0.000000 0.000000
6 1708942034 0.000000 1 0.000000 0.000000 0.000000
7 1708942034 0.000000 1 0.000000 0.000000 0.000000
4 1708942035 10.000000 1 10.000000 10.000000 10.000000
5 1708942035 0.000000 1 0.000000 0.000000 0.000000
6 1708942035 0.000000 1 0.000000 0.000000 0.000000
7 1708942035 0.000000 1 0.000000 0.000000 0.000000
4 1708942036 10.000000 1 10.000000 10.000000 10.000000
5 1708942036 0.000000 1 0.000000 0.000000 0.000000
6 1708942036 0.000000 1 0.000000 0.000000 0.000000
7 1708942036 0.000000 1 0.000000 0.000000 0.000000
4 1708942037 10.000000 1 10.000000 10.000000 10.000000
5 1708942037 0.000000 1 0.000000 0.000000 0.000000
6 1708942037 0.000000 1 0.000000 0.000000 0.000000
7 1708942037 0.000000 1 0.000000 0.000000 0.000000
4 1708942038 10.000000 1 10.000000 10.000000 10.000000
5 1708942038 0.000000 1 0.000000 0.000000 0.000000
6 1708942038 0.000000 1 0.000000 0.000000 0.000000
7 1708942038 0.000000 1 0.000000 0.000000 0.000000
4 1708942039 10.000000 1 10.000000 10.000000 10.000000
5 1708942039 0.000000 1 0.000000 0.000000 0.000000
6 1708942039 0.000000 1 0.000000 0.000000 0.000000
7 1708942039 0.000000 1 0.000000 0.000000 0.000000
4 1708942040 10.000000 1 10.000000 10.000000 10.000000
5 1708942040 0.000000 1 0.000000 0.000000 0.000000
6 1708942040 0.000000 1 0.000000 0.000000 0.000000
7 1708942040 0.000000 1 0.000000 0.000000 0.000000
4 1708942041 10.000000 1 10.000000 10.000000 10.000000
5 1708942041 0.000000 1 0.000000 0.000000 0.000000
6 1708942041 0.000000 1 0.000000 0.000000 0.000000
7 1708942041 0.000000 1 0.000000 0.000000 0.000000
4 1708942042 10.000000 1 10.000000 10.000000 10.000000
5 1708942042 0.000000 1 0.000000 0.000000 0.000000
6 1708942042 0.000000 1 0.000000 0.000000 0.000000
7 1708942042 0.000000 1 0.000000 0.000000 0.000000
4 1708942043 10.000000 1 10.000000 10.000000 10.000000
5 1708942043 0.000000 1 0.000000 0.000000 0.000000
6 1708942043 0.000000 1 0.000000 0.000000 0.000000
7 1708942043 0.000000 1 0.000000 0.000000 0.000000
4 1708942044 10.000000 1 10.000000 10.000000 10.000000
5 1708942044 0.000000 1 0.000000 0.000000 0.000000
6 1708942044 0.000000 1 0.000000 0.000000 0.000000
7 1708942044 0.000000 1 0.000000 0.000000 0.000000
4 1708942045 10.000000 1 10.000000 10.000000 10.000000
5 1708942045 0.000000 1 0.000000 0.000000 0.000000
6 1708942045 0.000000 1 0.000000 0.000000 0.000000
7 1708942045 0.000000 1 0.000000 0.000000 0.000000
4 1708942046 10.000000 1 10.000000 10.000000 10.000000
5 1708942046 0.000000 1 0.000000 0.000000 0.000000
6 1708942046 0.000000 1 0.000000 0.000000 0.000000
7 1708942046 0.000000 1 0.000000 0.000000 0.000000
4 1708942047 10.000000 1 10.000000 10.000000 10.000000
5 1708942047 0.000000 1 0.000000 0.000000 0.000000
6 1708942047 0.000000 1 0.000000 0.000000 0.000000
7 1708942047 0.000000 1 0.000000 0.000000 0.000000
4 1708942048 10.000000 1 10.000000 10.000000 10.000000
5 1708942048 0.000000 1 0.000000 0.000000 0.000000
6 1708942048 0.000000 1 0.000000 0.000000 0.000000
7 1708942048 0.000000 1 0.000000 0.000000 0.000000
4 1708942049 10.000000 1 10.000000 10.000000 10.000000
5 1708942049 0.000000 1 0.000000 0.000000 0.000000
6 1708942049 0.000000 1 0.000000 0.000000 0.000000
7 1708942049 0.000000 1 0.000000 0.000000 0.000000
4 1708942050 10.000000 1 10.000000 10.000000 10.000000
5 1708942050 0.000000 1 0.000000 0.000000 0.000000
6 1708942050 0.000000 1 0.000000 0.000000 0.000000
7 1708942050 0.000000 1 0.000000 0.000000 0.000000
4 1708942051 10.000000 1 10.000000 10.000000 10.000000
5 1708942051 0.000000 1 0.000000 0.000000 0.000000
6 1708942051 0.000000 1 0.000000 0.000000 0.000000
7 1708942051 0.000000 1 0.000000 0.000000 0.000000
4 1708942052 10.000000 1 10.000000 10.000000 10.000000
5 1708942052 0.000000 1 0.000000 0.000000 0.000000
6 1708942052 0.000000 1 0.000000 0.000000 0.000000
7 1708942052 0.000000 1 0.000000 0.000000 0.000000
4 1708942053 10.000000 1 10.000000 10.000000 10.000000
5 1708942053 0.000000 1 0.000000 0.000000 0.000000
6 1708942053 0.000000 1 0.000000 0.000000 0.000000
7 1708942053 0.000000 1 0.000000 0.000000 0.000000
4 1708942054 10.000000 1 10.000000 10.000000 10.000000
5 1708942054 0.000000 1 0.000000 0.000000 0.000000
6 1708942054 0.000000 1 0.000000 0.000000 0.000000
7 1708942054 0.000000 1 0.000000 0.000000 0.000000
4 1708942055 10.000000 1 10.000000 10.000000 10.000000
5 1708942055 0.000000 1 0.000000 0.000000 0.000000
6 1708942055 0.000000 1 0.000000 0.000000 0.000000
7 1708942055 0.000000 1 0.000000 0.000000 0.000000
4 1708942056 10.000000 1 10.000000 10.000000 10.000000
5 1708942056 0.000000 1 0.000000 0.000000 0.000000
6 1708942056 0.000000 1 0.000000 0.000000 0.000000
7 1708942056 0.000000 1 0.000000 0.000000 0.000000
4 1708942057 10.000000 1 10.000000 10.000000 10.000000
5 1708942057 0.000000 1 0.000000 0.000000 0.000000
6 1708942057 0.000000 1 0.000000 0.000000 0.000000
7 1708942057 0.000000 1 0.000000 0.000000 0.000000
4 1708942058 10.000000 1 10.000000 10.000000 10.000000
5 1708942058 0.000000 1 0.000000 0.000000 0.000000
6 1708942058 0.000000 1 0.000000 0.000000 0.000000
7 1708942058 0.000000 1 0.000000 0.000000 0.000000
4 1708942059 10.000000 1 10.000000 10.000000 10.000000
5 1708942059 0.000000 1 0.000000 0.000000 0.000000
6 1708942059 0.000000 1 0.000000 0.000000 0.000000
7 1708942059 0.000000 1 0.000000 0.000000 0.000000
4 1708942060 10.000000 1 10.000000 10.000000 10.000000
5 1708942060 0.000000 1 0.000000 0.000000 0.000000
6 1708942060 0.000000 1 0.000000 0.000000 0.000000
7 1708942060 0.000000 1 0.000000 0.000000 0.000000
4 1708942061 10.000000 1 10.000000 10.000000 10.000000
5 1708942061 0.000000 1 0.000000 0.000000 0.000000
6 1708942061 0.000000 1 0.000000 0.000000 0.000000
7 1708942061 0.000000 1 0.000000 0.000000 0.000000
4 1708942062 10.000000 1 10.000000 10.000000 10.000000
5 1708942062 0.000000 1 0.000000 0.000000 0.000000
6 1708942062 0.000000 1 0.000000 0.000000 0.000000
7 1708942062 0.000000 1 0.000000 0.000000 0.000000
4 1708942063 10.000000 1 10.000000 10.000000 10.000000
5 1708942063 0.000000 1 0.000000 0.000000 0.000000
6 1708942063 0.000000 1 0.000000 0.000000 0.000000
7 1708942063 0.000000 1 0.000000 0.000000 0.000000
4 1708942065 10.000000 1 10.000000 10.000000 10.000000
5 1708942065 0.000000 1 0.000000 0.000000 0.000000
6 1708942065 0.000000 1 0.000000 0.000000 0.000000
7 1708942065 0.000000 1 0.000000 0.000000 0.000000
4 1708942066 10.000000 1 10.000000 10.000000 10.000000
5 1708942066 0.000000 1 0.000000 0.000000 0.000000
6 1708942066 0.000000 1 0.000000 0.000000 0.000000
7 1708942066 0.000000 1 0.000000 0.000000 0.000000
4 1708942067 10.000000 1 10.000000 10.000000 10.000000
5 1708942067 0.000000 1 0.000000 0.000000 0.000000
6 1708942067 0.000000 1 0.000000 0.000000 0.000000
7 1708942067 0.000000 1 0.000000 0.000000 0.000000
4 1708942068 10.000000 1 10.000000 10.000000 10.000000
5 1708942068 0.000000 1 0.000000 0.000000 0.000000
6 1708942068 0.000000 1 0.000000 0.000000 0.000000
7 1708942068 0.000000 1 0.000000 0.000000 0.000000
4 1708942069 10.000000 1 10.000000 10.000000 10.000000
5 1708942069 0.000000 1 0.000000 0.000000 0.000000
6 1708942069 0.000000 1 0.000000 0.000000 0.000000
7 1708942069 0.000000 1 0.000000 0.000000 0.000000
4 1708942070 10.000000 1 10.000000 10.000000 10.000000
5 1708942070 0.000000 1 0.000000 0.000000 0.000000
6 1708942070 0.000000 1 0.000000 0.000000 0.000000
7 1708942070 0.000000 1 0.000000 0.000000 0.000000
4 1708942071 10.000000 1 10.000000 10.000000 10.000000
5 1708942071 0.000000 1 0.000000 0.000000 0.000000
6 1708942071 0.000000 1 0.000000 0.000000 0.000000
7 1708942071 0.000000 1 0.000000 0.000000 0.000000
4 1708942072 10.000000 1 10.000000 10.000000 10.000000
5 1708942072 0.000000 1 0.000000 0.000000 0.000000
6 1708942072 0.000000 1 0.000000 0.000000 0.000000
7 1708942072 0.000000 1 0.000000 0.000000 0.000000
4 1708942073 10.000000 1 10.000000 10.000000 10.000000
5 1708942073 0.000000 1 0.000000 0.000000 0.000000
6 1708942073 0.000000 1 0.000000 0.000000 0.000000
7 1708942073 0.000000 1 0.000000 0.000000 0.000000
4 1708942074 10.000000 1 10.000000 10.000000 10.000000
5 1708942074 0.000000 1 0.000000 0.000000 0.000000
6 1708942074 0.000000 1 0.000000 0.000000 0.000000
7 1708942074 0.000000 1 0.000000 0.000000 0.000000
4 1708942075 10.000000 1 10.000000 10.000000 10.000000
5 1708942075 0.000000 1 0.000000 0.000000 0.000000
6 1708942075 0.000000 1 0.000000 0.000000 0.000000
7 1708942075 0.000000 1 0.000000 0.000000 0.000000
4 1708942076 10.000000 1 10.000000 10.000000 10.000000
5 1708942076 0.000000 1 0.000000 0.000000 0.000000
6 1708942076 0.000000 1 0.000000 0.000000 0.000000
7 1708942076 0.000000 1 0.000000 0.000000 0.000000
4 1708942077 10.000000 1 10.000000 10.000000 10.000000
5 1708942077 0.000000 1 0.000000 0.000000 0.000000
6 1708942077 0.000000 1 0.000000 0.000000 0.000000
7 1708942077 0.000000 1 0.000000 0.000000 0.000000
4 1708942078 10.000000 1 10.000000 10.000000 10.000000
5 1708942078 0.000000 1 0.000000 0.000000 0.000000
6 1708942078 0.000000 1 0.000000 0.000000 0.000000
7 1708942078 0.000000 1 0.000000 0.000000 0.000000
4 1708942079 10.000000 1 10.000000 10.000000 10.000000
5 1708942079 0.000000 1 0.000000 0.000000 0.000000
6 1708942079 0.000000 1 0.000000 0.000000 0.000000
7 1708942079 0.000000 1 0.000000 0.000000 0.000000
4 1708942080 10.000000 1 10.000000 10.000000 10.000000
5 1708942080 0.000000 1 0.000000 0.000000 0.000000
6 1708942080 0.000000 1 0.000000 0.000000 0.000000
7 1708942080 0.000000 1 0.000000 0.000000 0.000000
4 1708942081 10.000000 1 10.000000 10.000000 10.000000
5 1708942081 0.000000 1 0.000000 0.000000 0.000000
6 1708942081 0.000000 1 0.000000 0.000000 0.000000
7 1708942081 0.000000 1 0.000000 0.000000 0.000000
4 1708942082 10.000000 1 10.000000 10.000000 10.000000
5 1708942082 0.000000 1 0.000000 0.000000 0.000000
6 1708942082 0.000000 1 0.000000 0.000000 0.000000
7 1708942082 0.000000 1 0.000000 0.000000 0.000000
4 1708942083 10.000000 1 10.000000 10.000000 10.000000
5 1708942083 0.000000 1 0.000000 0.000000 0.000000
6 1708942083 0.000000 1 0.000000 0.000000 0.000000
7 1708942083 0.000000 1 0.000000 0.000000 0.000000
4 1708942084 10.000000 1 10.000000 10.000000 10.000000
5 1708942084 0.000000 1 0.000000 0.000000 0.000000
6 1708942084 0.000000 1 0.000000 0.000000 0.000000
7 1708942084 0.000000 1 0.000000 0.000000 0.000000
4 1708942085 10.000000 1 10.000000 10.000000 10.000000
5 1708942085 0.000000 1 0.000000 0.000000 0.000000
6 1708942085 0.000000 1 0.000000 0.000000 0.000000
7 1708942085 0.000000 1 0.000000 0.000000 0.000000
4 1708942086 10.000000 1 10.000000 10.000000 10.000000
5 1708942086 0.000000 1 0.000000 0.000000 0.000000
6 1708942086 0.000000 1 0.000000 0.000000 0.000000
7 1708942086 0.000000 1 0.000000 0.000000 0.000000
4 1708942087 10.000000 1 10.000000 10.000000 10.000000
5 1708942087 0.000000 1 0.000000 0.000000 0.000000
6 1708942087 0.000000 1 0.000000 0.000000 0.000000
7 1708942087 0.000000 1 0.000000 0.000000 0.000000
4 1708942088 10.000000 1 10.000000 10.000000 10.000000
5 1708942088 0.000000 1 0.000000 0.000000 0.000000
6 1708942088 0.000000 1 0.000000 0.000000 0.000000
7 1708942088 0.000000 1 0.000000 0.000000 0.000000
4 1708942089 10.000000 1 10.000000 10.000000 10.000000
5 1708942089 0.000000 1 0.000000 0.000000 0.000000
6 1708942089 0.000000 1 0.000000 0.000000 0.000000
7 1708942089 0.000000 1 0.000000 0.000000 0.000000
4 1708942090 10.000000 1 10.000000 10.000000 10.000000
5 1708942090 0.000000 1 0.000000 0.000000 0.000000
6 1708942090 0.000000 1 0.000000 0.000000 0.000000
7 1708942090 0.000000 1 0.000000 0.000000 0.000000
4 1708942091 9.000000 1 9.000000 9.000000 9.000000
5 1708942091 0.000000 1 0.000000 0.000000 0.000000
6 1708942091 1.000000 1 1.000000 1.000000 1.000000
7 1708942091 0.000000 1 0.000000 0.000000 0.000000
4 1708942092 9.000000 1 9.000000 9.000000 9.000000
5 1708942092 0.000000 1 0.000000 0.000000 0.000000
6 1708942092 1.000000 1 1.000000 1.000000 1.000000
7 1708942092 0.000000 1 0.000000 0.000000 0.000000
4 1708942093 9.000000 1 9.000000 9.000000 9.000000
5 1708942093 0.000000 1 0.000000 0.000000 0.000000
6 1708942093 1.000000 1 1.000000 1.000000 1.000000
7 1708942093 0.000000 1 0.000000 0.000000 0.000000
4 1708942094 9.000000 1 9.000000 9.000000 9.000000
5 1708942094 0.000000 1 0.000000 0.000000 0.000000
6 1708942094 1.000000 1 1.000000 1.000000 1.000000
7 1708942094 0.000000 1 0.000000 0.000000 0.000000
4 1708942095 9.000000 1 9.000000 9.000000 9.000000
5 1708942095 0.000000 1 0.000000 0.000000 0.000000
6 1708942095 1.000000 1 1.000000 1.000000 1.000000
7 1708942095 0.000000 1 0.000000 0.000000 0.000000
4 1708942096 9.000000 1 9.000000 9.000000 9.000000
5 1708942096 0.000000 1 0.000000 0.000000 0.000000
6 1708942096 1.000000 1 1.000000 1.000000 1.000000
7 1708942096 0.000000 1 0.000000 0.000000 0.000000
4 1708942097 9.000000 1 9.000000 9.000000 9.000000
5 1708942097 0.000000 1 0.000000 0.000000 0.000000
6 1708942097 1.000000 1 1.000000 1.000000 1.000000
7 1708942097 0.000000 1 0.000000 0.000000 0.000000
4 1708942098 9.000000 1 9.000000 9.000000 9.000000
5 1708942098 0.000000 1 0.000000 0.000000 0.000000
6 1708942098 1.000000 1 1.000000 1.000000 1.000000
7 1708942098 0.000000 1 0.000000 0.000000 0.000000
4 1708942099 9.000000 1 9.000000 9.000000 9.000000
5 1708942099 0.000000 1 0.000000 0.000000 0.000000
6 1708942099 1.000000 1 1.000000 1.000000 1.000000
7 1708942099 0.000000 1 0.000000 0.000000 0.000000
4 1708942100 8.000000 1 8.000000 8.000000 8.000000
5 1708942100 0.000000 1 0.000000 0.000000 0.000000
6 1708942100 2.000000 1 2.000000 2.000000 2.000000
7 1708942100 0.000000 1 0.000000 0.000000 0.000000
4 1708942101 8.000000 1 8.000000 8.000000 8.000000
5 1708942101 0.000000 1 0.000000 0.000000 0.000000
6 1708942101 2.000000 1 2.000000 2.000000 2.000000
7 1708942101 0.000000 1 0.000000 0.000000 0.000000
4 1708942102 8.000000 1 8.000000 8.000000 8.000000
5 1708942102 0.000000 1 0.000000 0.000000 0.000000
6 1708942102 2.000000 1 2.000000 2.000000 2.000000
7 1708942102 0.000000 1 0.000000 0.000000 0.000000
4 1708942103 8.000000 1 8.000000 8.000000 8.000000
5 1708942103 0.000000 1 0.000000 0.000000 0.000000
6 1708942103 2.000000 1 2.000000 2.000000 2.000000
7 1708942103 0.000000 1 0.000000 0.000000 0.000000
4 1708942104 8.000000 1 8.000000 8.000000 8.000000
5 1708942104 0.000000 1 0.000000 0.000000 0.000000
6 1708942104 2.000000 1 2.000000 2.000000 2.000000
7 1708942104 0.000000 1 0.000000 0.000000 0.000000
4 1708942105 8.000000 1 8.000000 8.000000 8.000000
5 1708942105 0.000000 1 0.000000 0.000000 0.000000
6 1708942105 2.000000 1 2.000000 2.000000 2.000000
7 1708942105 0.000000 1 0.000000 0.000000 0.000000
4 1708942106 8.000000 1 8.000000 8.000000 8.000000
5 1708942106 0.000000 1 0.000000 0.000000 0.000000
6 1708942106 2.000000 1 2.000000 2.000000 2.000000
7 1708942106 0.000000 1 0.000000 0.000000 0.000000
4 1708942107 8.000000 1 8.000000 8.000000 8.000000
5 1708942107 0.000000 1 0.000000 0.000000 0.000000
6 1708942107 2.000000 1 2.000000 2.000000 2.000000
7 1708942107 0.000000 1 0.000000 0.000000 0.000000
4 1708942108 8.000000 1 8.000000 8.000000 8.000000
5 1708942108 0.000000 1 0.000000 0.000000 0.000000
6 1708942108 2.000000 1 2.000000 2.000000 2.000000
7 1708942108 0.000000 1 0.000000 0.000000 0.000000
4 1708942109 7.000000 1 7.000000 7.000000 7.000000
5 1708942109 0.000000 1 0.000000 0.000000 0.000000
6 1708942109 3.000000 1 3.000000 3.000000 3.000000
7 1708942109 0.000000 1 0.000000 0.000000 0.000000
4 1708942110 7.000000 1 7.000000 7.000000 7.000000
5 1708942110 0.000000 1 0.000000 0.000000 0.000000
6 1708942110 3.000000 1 3.000000 3.000000 3.000000
7 1708942110 0.000000 1 0.000000 0.000000 0.000000
4 1708942111 7.000000 1 7.000000 7.000000 7.000000
5 1708942111 0.000000 1 0.000000 0.000000 0.000000
6 1708942111 3.000000 1 3.000000 3.000000 3.000000
7 1708942111 0.000000 1 0.000000 0.000000 0.000000
4 1708942112 7.000000 1 7.000000 7.000000 7.000000
5 1708942112 0.000000 1 0.000000 0.000000 0.000000
6 1708942112 3.000000 1 3.000000 3.000000 3.000000
7 1708942112 0.000000 1 0.000000 0.000000 0.000000
4 1708942113 7.000000 1 7.000000 7.000000 7.000000
5 1708942113 0.000000 1 0.000000 0.000000 0.000000
6 1708942113 3.000000 1 3.000000 3.000000 3.000000
7 1708942113 0.000000 1 0.000000 0.000000 0.000000
4 1708942114 7.000000 1 7.000000 7.000000 7.000000
5 1708942114 0.000000 1 0.000000 0.000000 0.000000
6 1708942114 3.000000 1 3.000000 3.000000 3.000000
7 1708942114 0.000000 1 0.000000 0.000000 0.000000
4 1708942115 7.000000 1 7.000000 7.000000 7.000000
5 1708942115 0.000000 1 0.000000 0.000000 0.000000
6 1708942115 3.000000 1 3.000000 3.000000 3.000000
7 1708942115 0.000000 1 0.000000 0.000000 0.000000
4 1708942116 7.000000 1 7.000000 7.000000 7.000000
5 1708942116 0.000000 1 0.000000 0.000000 0.000000
6 1708942116 3.000000 1 3.000000 3.000000 3.000000
7 1708942116 0.000000 1 0.000000 0.000000 0.000000
4 1708942117 7.000000 1 7.000000 7.000000 7.000000
5 1708942117 0.000000 1 0.000000 0.000000 0.000000
6 1708942117 3.000000 1 3.000000 3.000000 3.000000
7 1708942117 0.000000 1 0.000000 0.000000 0.000000
4 1708942118 7.000000 1 7.000000 7.000000 7.000000
5 1708942118 0.000000 1 0.000000 0.000000 0.000000
6 1708942118 3.000000 1 3.000000 3.000000 3.000000
7 1708942118 0.000000 1 0.000000 0.000000 0.000000
4 1708942119 7.000000 1 7.000000 7.000000 7.000000
5 1708942119 0.000000 1 0.000000 0.000000 0.000000
6 1708942119 3.000000 1 3.000000 3.000000 3.000000
7 1708942119 0.000000 1 0.000000 0.000000 0.000000
4 1708942120 7.000000 1 7.000000 7.000000 7.000000
5 1708942120 0.000000 1 0.000000 0.000000 0.000000
6 1708942120 3.000000 1 3.000000 3.000000 3.000000
7 1708942120 0.000000 1 0.000000 0.000000 0.000000
4 1708942121 7.000000 1 7.000000 7.000000 7.000000
5 1708942121 0.000000 1 0.000000 0.000000 0.000000
6 1708942121 3.000000 1 3.000000 3.000000 3.000000
7 1708942121 0.000000 1 0.000000 0.000000 0.000000
4 1708942122 7.000000 1 7.000000 7.000000 7.000000
5 1708942122 0.000000 1 0.000000 0.000000 0.000000
6 1708942122 3.000000 1 3.000000 3.000000 3.000000
7 1708942122 0.000000 1 0.000000 0.000000 0.000000
4 1708942123 7.000000 1 7.000000 7.000000 7.000000
5 1708942123 0.000000 1 0.000000 0.000000 0.000000
6 1708942123 3.000000 1 3.000000 3.000000 3.000000
7 1708942123 0.000000 1 0.000000 0.000000 0.000000
4 1708942124 6.000000 1 6.000000 6.000000 6.000000
5 1708942124 0.000000 1 0.000000 0.000000 0.000000
6 1708942124 4.000000 1 4.000000 4.000000 4.000000
7 1708942124 0.000000 1 0.000000 0.000000 0.000000
4 1708942125 6.000000 1 6.000000 6.000000 6.000000
5 1708942125 0.000000 1 0.000000 0.000000 0.000000
6 1708942125 4.000000 1 4.000000 4.000000 4.000000
7 1708942125 0.000000 1 0.000000 0.000000 0.000000
4 1708942126 6.000000 1 6.000000 6.000000 6.000000
5 1708942126 0.000000 1 0.000000 0.000000 0.000000
6 1708942126 4.000000 1 4.000000 4.000000 4.000000
7 1708942126 0.000000 1 0.000000 0.000000 0.000000
4 1708942128 6.000000 1 6.000000 6.000000 6.000000
5 1708942128 0.000000 1 0.000000 0.000000 0.000000
6 1708942128 4.000000 1 4.000000 4.000000 4.000000
7 1708942128 0.000000 1 0.000000 0.000000 0.000000
4 1708942129 6.000000 1 6.000000 6.000000 6.000000
5 1708942129 0.000000 1 0.000000 0.000000 0.000000
6 1708942129 4.000000 1 4.000000 4.000000 4.000000
7 1708942129 0.000000 1 0.000000 0.000000 0.000000
4 1708942130 6.000000 1 6.000000 6.000000 6.000000
5 1708942130 0.000000 1 0.000000 0.000000 0.000000
6 1708942130 4.000000 1 4.000000 4.000000 4.000000
7 1708942130 0.000000 1 0.000000 0.000000 0.000000
4 1708942131 5.000000 1 5.000000 5.000000 5.000000
5 1708942131 0.000000 1 0.000000 0.000000 0.000000
6 1708942131 5.000000 1 5.000000 5.000000 5.000000
7 1708942131 0.000000 1 0.000000 0.000000 0.000000
4 1708942132 5.000000 1 5.000000 5.000000 5.000000
5 1708942132 0.000000 1 0.000000 0.000000 0.000000
6 1708942132 5.000000 1 5.000000 5.000000 5.000000
7 1708942132 0.000000 1 0.000000 0.000000 0.000000
4 1708942133 5.000000 1 5.000000 5.000000 5.000000
5 1708942133 0.000000 1 0.000000 0.000000 0.000000
6 1708942133 5.000000 1 5.000000 5.000000 5.000000
7 1708942133 0.000000 1 0.000000 0.000000 0.000000
4 1708942134 5.000000 1 5.000000 5.000000 5.000000
5 1708942134 0.000000 1 0.000000 0.000000 0.000000
6 1708942134 5.000000 1 5.000000 5.000000 5.000000
7 1708942134 0.000000 1 0.000000 0.000000 0.000000
4 1708942135 5.000000 1 5.000000 5.000000 5.000000
5 1708942135 0.000000 1 0.000000 0.000000 0.000000
6 1708942135 5.000000 1 5.000000 5.000000 5.000000
7 1708942135 0.000000 1 0.000000 0.000000 0.000000
4 1708942136 5.000000 1 5.000000 5.000000 5.000000
5 1708942136 0.000000 1 0.000000 0.000000 0.000000
6 1708942136 5.000000 1 5.000000 5.000000 5.000000
7 1708942136 0.000000 1 0.000000 0.000000 0.000000
4 1708942137 5.000000 1 5.000000 5.000000 5.000000
5 1708942137 0.000000 1 0.000000 0.000000 0.000000
6 1708942137 5.000000 1 5.000000 5.000000 5.000000
7 1708942137 0.000000 1 0.000000 0.000000 0.000000
4 1708942138 5.000000 1 5.000000 5.000000 5.000000
5 1708942138 0.000000 1 0.000000 0.000000 0.000000
6 1708942138 5.000000 1 5.000000 5.000000 5.000000
7 1708942138 0.000000 1 0.000000 0.000000 0.000000
4 1708942139 5.000000 1 5.000000 5.000000 5.000000
5 1708942139 0.000000 1 0.000000 0.000000 0.000000
6 1708942139 5.000000 1 5.000000 5.000000 5.000000
7 1708942139 0.000000 1 0.000000 0.000000 0.000000
4 1708942140 4.000000 1 4.000000 4.000000 4.000000
5 1708942140 0.000000 1 0.000000 0.000000 0.000000
6 1708942140 6.000000 1 6.000000 6.000000 6.000000
7 1708942140 0.000000 1 0.000000 0.000000 0.000000
4 1708942141 4.000000 1 4.000000 4.000000 4.000000
5 1708942141 0.000000 1 0.000000 0.000000 0.000000
6 1708942141 6.000000 1 6.000000 6.000000 6.000000
7 1708942141 0.000000 1 0.000000 0.000000 0.000000
4 1708942142 4.000000 1 4.000000 4.000000 4.000000
5 1708942142 0.000000 1 0.000000 0.000000 0.000000
6 1708942142 6.000000 1 6.000000 6.000000 6.000000
7 1708942142 0.000000 1 0.000000 0.000000 0.000000
4 1708942143 4.000000 1 4.000000 4.000000 4.000000
5 1708942143 0.000000 1 0.000000 0.000000 0.000000
6 1708942143 6.000000 1 6.000000 6.000000 6.000000
7 1708942143 0.000000 1 0.000000 0.000000 0.000000
4 1708942144 4.000000 1 4.000000 4.000000 4.000000
5 1708942144 0.000000 1 0.000000 0.000000 0.000000
6 1708942144 6.000000 1 6.000000 6.000000 6.000000
7 1708942144 0.000000 1 0.000000 0.000000 0.000000
4 1708942145 4.000000 1 4.000000 4.000000 4.000000
5 1708942145 0.000000 1 0.000000 0.000000 0.000000
6 1708942145 6.000000 1 6.000000 6.000000 6.000000
7 1708942145 0.000000 1 0.000000 0.000000 0.000000
4 1708942146 4.000000 1 4.000000 4.000000 4.000000
5 1708942146 0.000000 1 0.000000 0.000000 0.000000
6 1708942146 6.000000 1 6.000000 6.000000 6.000000
7 1708942146 0.000000 1 0.000000 0.000000 0.000000
4 1708942147 4.000000 1 4.000000 4.000000 4.000000
5 1708942147 0.000000 1 0.000000 0.000000 0.000000
6 1708942147 6.000000 1 6.000000 6.000000 6.000000
7 1708942147 0.000000 1 0.000000 0.000000 0.000000
4 1708942148 4.000000 1 4.000000 4.000000 4.000000
5 1708942148 0.000000 1 0.000000 0.000000 0.000000
6 1708942148 6.000000 1 6.000000 6.000000 6.000000
7 1708942148 0.000000 1 0.000000 0.000000 0.000000
4 1708942149 4.000000 1 4.000000 4.000000 4.000000
5 1708942149 0.000000 1 0.000000 0.000000 0.000000
6 1708942149 6.000000 1 6.000000 6.000000 6.000000
7 1708942149 0.000000 1 0.000000 0.000000 0.000000
4 1708942150 4.000000 1 4.000000 4.000000 4.000000
5 1708942150 0.000000 1 0.000000 0.000000 0.000000
6 1708942150 6.000000 1 6.000000 6.000000 6.000000
7 1708942150 0.000000 1 0.000000 0.000000 0.000000
4 1708942151 4.000000 1 4.000000 4.000000 4.000000
5 1708942151 0.000000 1 0.000000 0.000000 0.000000
6 1708942151 6.000000 1 6.000000 6.000000 6.000000
7 1708942151 0.000000 1 0.000000 0.000000 0.000000
4 1708942152 4.000000 1 4.000000 4.000000 4.000000
5 1708942152 0.000000 1 0.000000 0.000000 0.000000
6 1708942152 6.000000 1 6.000000 6.000000 6.000000
7 1708942152 0.000000 1 0.000000 0.000000 0.000000
4 1708942153 4.000000 1 4.000000 4.000000 4.000000
5 1708942153 0.000000 1 0.000000 0.000000 0.000000
6 1708942153 6.000000 1 6.000000 6.000000 6.000000
7 1708942153 0.000000 1 0.000000 0.000000 0.000000
4 1708942154 3.000000 1 3.000000 3.000000 3.000000
5 1708942154 0.000000 1 0.000000 0.000000 0.000000
6 1708942154 7.000000 1 7.000000 7.000000 7.000000
7 1708942154 0.000000 1 0.000000 0.000000 0.000000
4 1708942155 3.000000 1 3.000000 3.000000 3.000000
5 1708942155 0.000000 1 0.000000 0.000000 0.000000
6 1708942155 7.000000 1 7.000000 7.000000 7.000000
7 1708942155 0.000000 1 0.000000 0.000000 0.000000
4 1708942156 3.000000 1 3.000000 3.000000 3.000000
5 1708942156 0.000000 1 0.000000 0.000000 0.000000
6 1708942156 7.000000 1 7.000000 7.000000 7.000000
7 1708942156 0.000000 1 0.000000 0.000000 0.000000
4 1708942157 3.000000 1 3.000000 3.000000 3.000000
5 1708942157 0.000000 1 0.000000 0.000000 0.000000
6 1708942157 7.000000 1 7.000000 7.000000 7.000000
7 1708942157 0.000000 1 0.000000 0.000000 0.000000
4 1708942158 3.000000 1 3.000000 3.000000 3.000000
5 1708942158 0.000000 1 0.000000 0.000000 0.000000
6 1708942158 7.000000 1 7.000000 7.000000 7.000000
7 1708942158 0.000000 1 0.000000 0.000000 0.000000
4 1708942159 3.000000 1 3.000000 3.000000 3.000000
5 1708942159 0.000000 1 0.000000 0.000000 0.000000
6 1708942159 7.000000 1 7.000000 7.000000 7.000000
7 1708942159 0.000000 1 0.000000 0.000000 0.000000
4 1708942160 3.000000 1 3.000000 3.000000 3.000000
5 1708942160 0.000000 1 0.000000 0.000000 0.000000
6 1708942160 7.000000 1 7.000000 7.000000 7.000000
7 1708942160 0.000000 1 0.000000 0.000000 0.000000
4 1708942161 3.000000 1 3.000000 3.000000 3.000000
5 1708942161 0.000000 1 0.000000 0.000000 0.000000
6 1708942161 7.000000 1 7.000000 7.000000 7.000000
7 1708942161 0.000000 1 0.000000 0.000000 0.000000
4 1708942162 2.000000 1 2.000000 2.000000 2.000000
5 1708942162 0.000000 1 0.000000 0.000000 0.000000
6 1708942162 8.000000 1 8.000000 8.000000 8.000000
7 1708942162 0.000000 1 0.000000 0.000000 0.000000
4 1708942163 2.000000 1 2.000000 2.000000 2.000000
5 1708942163 0.000000 1 0.000000 0.000000 0.000000
6 1708942163 8.000000 1 8.000000 8.000000 8.000000
7 1708942163 0.000000 1 0.000000 0.000000 0.000000
4 1708942164 2.000000 1 2.000000 2.000000 2.000000
5 1708942164 0.000000 1 0.000000 0.000000 0.000000
6 1708942164 8.000000 1 8.000000 8.000000 8.000000
7 1708942164 0.000000 1 0.000000 0.000000 0.000000
4 1708942165 2.000000 1 2.000000 2.000000 2.000000
5 1708942165 0.000000 1 0.000000 0.000000 0.000000
6 1708942165 8.000000 1 8.000000 8.000000 8.000000
7 1708942165 0.000000 1 0.000000 0.000000 0.000000
4 1708942166 2.000000 1 2.000000 2.000000 2.000000
5 1708942166 0.000000 1 0.000000 0.000000 0.000000
6 1708942166 8.000000 1 8.000000 8.000000 8.000000
7 1708942166 0.000000 1 0.000000 0.000000 0.000000
4 1708942167 2.000000 1 2.000000 2.000000 2.000000
5 1708942167 0.000000 1 0.000000 0.000000 0.000000
6 1708942167 8.000000 1 8.000000 8.000000 8.000000
7 1708942167 0.000000 1 0.000000 0.000000 0.000000
4 1708942168 2.000000 1 2.000000 2.000000 2.000000
5 1708942168 0.000000 1 0.000000 0.000000 0.000000
6 1708942168 8.000000 1 8.000000 8.000000 8.000000
7 1708942168 0.000000 1 0.000000 0.000000 0.000000
4 1708942169 2.000000 1 2.000000 2.000000 2.000000
5 1708942169 0.000000 1 0.000000 0.000000 0.000000
6 1708942169 8.000000 1 8.000000 8.000000 8.000000
7 1708942169 0.000000 1 0.000000 0.000000 0.000000
4 1708942170 2.000000 1 2.000000 2.000000 2.000000
5 1708942170 0.000000 1 0.000000 0.000000 0.000000
6 1708942170 8.000000 1 8.000000 8.000000 8.000000
7 1708942170 0.000000 1 0.000000 0.000000 0.000000
4 1708942171 2.000000 1 2.000000 2.000000 2.000000
5 1708942171 0.000000 1 0.000000 0.000000 0.000000
6 1708942171 8.000000 1 8.000000 8.000000 8.000000
7 1708942171 0.000000 1 0.000000 0.000000 0.000000
4 1708942172 2.000000 1 2.000000 2.000000 2.000000
5 1708942172 0.000000 1 0.000000 0.000000 0.000000
6 1708942172 8.000000 1 8.000000 8.000000 8.000000
7 1708942172 0.000000 1 0.000000 0.000000 0.000000
4 1708942173 1.000000 1 1.000000 1.000000 1.000000
5 1708942173 0.000000 1 0.000000 0.000000 0.000000
6 1708942173 9.000000 1 9.000000 9.000000 9.000000
7 1708942173 0.000000 1 0.000000 0.000000 0.000000
4 1708942174 1.000000 1 1.000000 1.000000 1.000000
5 1708942174 0.000000 1 0.000000 0.000000 0.000000
6 1708942174 9.000000 1 9.000000 9.000000 9.000000
7 1708942174 0.000000 1 0.000000 0.000000 0.000000
4 1708942175 1.000000 1 1.000000 1.000000 1.000000
5 1708942175 0.000000 1 0.000000 0.000000 0.000000
6 1708942175 9.000000 1 9.000000 9.000000 9.000000
7 1708942175 0.000000 1 0.000000 0.000000 0.000000
4 1708942176 1.000000 1 1.000000 1.000000 1.000000
5 1708942176 0.000000 1 0.000000 0.000000 0.000000
6 1708942176 9.000000 1 9.000000 9.000000 9.000000
7 1708942176 0.000000 1 0.000000 0.000000 0.000000
4 1708942177 1.000000 1 1.000000 1.000000 1.000000
5 1708942177 0.000000 1 0.000000 0.000000 0.000000
6 1708942177 9.000000 1 9.000000 9.000000 9.000000
7 1708942177 0.000000 1 0.000000 0.000000 0.000000
4 1708942178 1.000000 1 1.000000 1.000000 1.000000
5 1708942178 0.000000 1 0.000000 0.000000 0.000000
6 1708942178 9.000000 1 9.000000 9.000000 9.000000
7 1708942178 0.000000 1 0.000000 0.000000 0.000000
4 1708942179 1.000000 1 1.000000 1.000000 1.000000
5 1708942179 0.000000 1 0.000000 0.000000 0.000000
6 1708942179 9.000000 1 9.000000 9.000000 9.000000
7 1708942179 0.000000 1 0.000000 0.000000 0.000000
4 1708942180 0.000000 1 0.000000 0.000000 0.000000
5 1708942180 0.000000 1 0.000000 0.000000 0.000000
6 1708942180 10.000000 1 10.000000 10.000000 10.000000
7 1708942180 0.000000 1 0.000000 0.000000 0.000000
